(kicad_pcb (version 20170123) (host pcbnew "(2017-08-28 revision 758445e33)-master")

  (general
    (thickness 1.6)
    (drawings 6)
    (tracks 846)
    (zones 0)
    (modules 32)
    (nets 70)
  )

  (page A4)
  (title_block
    (title "Compute Module IO Board (Lite)")
    (date 2017-08-28)
    (company "Mahyar Koshkouei")
    (comment 1 "GPL 3 Licence")
  )

  (layers
    (0 F.Cu signal)
    (31 B.Cu signal)
    (32 B.Adhes user)
    (33 F.Adhes user)
    (34 B.Paste user)
    (35 F.Paste user)
    (36 B.SilkS user)
    (37 F.SilkS user)
    (38 B.Mask user)
    (39 F.Mask user)
    (40 Dwgs.User user)
    (41 Cmts.User user)
    (42 Eco1.User user)
    (43 Eco2.User user)
    (44 Edge.Cuts user)
    (45 Margin user)
    (46 B.CrtYd user)
    (47 F.CrtYd user)
    (48 B.Fab user hide)
    (49 F.Fab user hide)
  )

  (setup
    (last_trace_width 0.25)
    (trace_clearance 0)
    (zone_clearance 0.2)
    (zone_45_only yes)
    (trace_min 0.2)
    (segment_width 0.2)
    (edge_width 0.15)
    (via_size 0.6)
    (via_drill 0.4)
    (via_min_size 0.6)
    (via_min_drill 0.3)
    (uvia_size 0.3)
    (uvia_drill 0.1)
    (uvias_allowed no)
    (uvia_min_size 0.2)
    (uvia_min_drill 0.1)
    (pcb_text_width 0.3)
    (pcb_text_size 1.5 1.5)
    (mod_edge_width 0.15)
    (mod_text_size 1 1)
    (mod_text_width 0.15)
    (pad_size 1.7 1)
    (pad_drill 0)
    (pad_to_mask_clearance 0.2)
    (aux_axis_origin 0 0)
    (visible_elements FFFFFF7F)
    (pcbplotparams
      (layerselection 0x011ff_ffffffff)
      (usegerberextensions false)
      (excludeedgelayer true)
      (linewidth 0.100000)
      (plotframeref false)
      (viasonmask false)
      (mode 1)
      (useauxorigin false)
      (hpglpennumber 1)
      (hpglpenspeed 20)
      (hpglpendiameter 15)
      (psnegative false)
      (psa4output false)
      (plotreference true)
      (plotvalue true)
      (plotinvisibletext false)
      (padsonsilk false)
      (subtractmaskfromsilk false)
      (outputformat 1)
      (mirror false)
      (drillshape 0)
      (scaleselection 1)
      (outputdirectory ../out/))
  )

  (net 0 "")
  (net 1 +3V3)
  (net 2 +5V)
  (net 3 GND)
  (net 4 +1V8)
  (net 5 +2V8)
  (net 6 "Net-(C4-Pad1)")
  (net 7 CLK)
  (net 8 CMD)
  (net 9 DAT0)
  (net 10 DAT1)
  (net 11 DAT2)
  (net 12 DAT3)
  (net 13 "Net-(L1-Pad1)")
  (net 14 "Net-(L1-Pad2)")
  (net 15 OTDIG)
  (net 16 /D-)
  (net 17 /D+)
  (net 18 /BCM_21)
  (net 19 /BCM_20)
  (net 20 /BCM_26)
  (net 21 /BCM_16)
  (net 22 /BCM_19)
  (net 23 /BCM_13)
  (net 24 /BCM_12)
  (net 25 /BCM_6)
  (net 26 /BCM_5)
  (net 27 /BCM_1)
  (net 28 /BCM_0)
  (net 29 /BCM_7)
  (net 30 /BCM_8)
  (net 31 /BCM_11)
  (net 32 /BCM_25)
  (net 33 /BCM_9)
  (net 34 /BCM_10)
  (net 35 /BCM_24)
  (net 36 /BCM_23)
  (net 37 /BCM_22)
  (net 38 /BCM_27)
  (net 39 /BCM_18)
  (net 40 /BCM_17)
  (net 41 /BCM_15)
  (net 42 /BCM_14)
  (net 43 /BCM_4)
  (net 44 /BCM_3)
  (net 45 /BCM_2)
  (net 46 /BCM_45)
  (net 47 /BCM_44)
  (net 48 /BCM_43)
  (net 49 /BCM_42)
  (net 50 /BCM_41)
  (net 51 /BCM_40)
  (net 52 /BCM_39)
  (net 53 /BCM_38)
  (net 54 /BCM_37)
  (net 55 /BCM_36)
  (net 56 /BCM_35)
  (net 57 /BCM_34)
  (net 58 /BCM_33)
  (net 59 /BCM_32)
  (net 60 /BCM_31)
  (net 61 /BCM_30)
  (net 62 /BCM_29)
  (net 63 /BCM_28)
  (net 64 "Net-(C3-Pad1)")
  (net 65 "Net-(C10-Pad2)")
  (net 66 "Net-(J9-Pad1)")
  (net 67 "Net-(J10-Pad177)")
  (net 68 "Net-(J10-Pad166)")
  (net 69 "Net-(J13-Pad9)")

  (net_class Default "This is the default net class."
    (clearance 0)
    (trace_width 0.25)
    (via_dia 0.6)
    (via_drill 0.4)
    (uvia_dia 0.3)
    (uvia_drill 0.1)
    (diff_pair_gap 0.25)
    (diff_pair_width 0.3)
    (add_net /BCM_0)
    (add_net /BCM_1)
    (add_net /BCM_10)
    (add_net /BCM_11)
    (add_net /BCM_12)
    (add_net /BCM_13)
    (add_net /BCM_14)
    (add_net /BCM_15)
    (add_net /BCM_16)
    (add_net /BCM_17)
    (add_net /BCM_18)
    (add_net /BCM_19)
    (add_net /BCM_2)
    (add_net /BCM_20)
    (add_net /BCM_21)
    (add_net /BCM_22)
    (add_net /BCM_23)
    (add_net /BCM_24)
    (add_net /BCM_25)
    (add_net /BCM_26)
    (add_net /BCM_27)
    (add_net /BCM_28)
    (add_net /BCM_29)
    (add_net /BCM_3)
    (add_net /BCM_30)
    (add_net /BCM_31)
    (add_net /BCM_32)
    (add_net /BCM_33)
    (add_net /BCM_34)
    (add_net /BCM_35)
    (add_net /BCM_36)
    (add_net /BCM_37)
    (add_net /BCM_38)
    (add_net /BCM_39)
    (add_net /BCM_4)
    (add_net /BCM_40)
    (add_net /BCM_41)
    (add_net /BCM_42)
    (add_net /BCM_43)
    (add_net /BCM_44)
    (add_net /BCM_45)
    (add_net /BCM_5)
    (add_net /BCM_6)
    (add_net /BCM_7)
    (add_net /BCM_8)
    (add_net /BCM_9)
    (add_net /D+)
    (add_net /D-)
    (add_net CLK)
    (add_net CMD)
    (add_net DAT0)
    (add_net DAT1)
    (add_net DAT2)
    (add_net DAT3)
    (add_net "Net-(C10-Pad2)")
    (add_net "Net-(C3-Pad1)")
    (add_net "Net-(C4-Pad1)")
    (add_net "Net-(J10-Pad166)")
    (add_net "Net-(J10-Pad177)")
    (add_net "Net-(J13-Pad9)")
    (add_net "Net-(J9-Pad1)")
    (add_net "Net-(L1-Pad1)")
    (add_net "Net-(L1-Pad2)")
    (add_net OTDIG)
  )

  (net_class PWR ""
    (clearance 0.25)
    (trace_width 0.35)
    (via_dia 0.6)
    (via_drill 0.4)
    (uvia_dia 0.3)
    (uvia_drill 0.1)
    (diff_pair_gap 0.25)
    (diff_pair_width 0.3)
    (add_net +1V8)
    (add_net +2V8)
    (add_net +3V3)
    (add_net +5V)
    (add_net GND)
  )

  (module Capacitors_SMD:C_1206_HandSoldering (layer F.Cu) (tedit 58AA84D1) (tstamp 59A45076)
    (at 175.26 71.12)
    (descr "Capacitor SMD 1206, hand soldering")
    (tags "capacitor 1206")
    (path /59275879)
    (attr smd)
    (fp_text reference C1 (at 0 -1.75) (layer F.SilkS)
      (effects (font (size 1 1) (thickness 0.15)))
    )
    (fp_text value 1uF (at 0 2) (layer F.Fab)
      (effects (font (size 1 1) (thickness 0.15)))
    )
    (fp_text user %R (at 0 -1.75) (layer F.Fab)
      (effects (font (size 1 1) (thickness 0.15)))
    )
    (fp_line (start -1.6 0.8) (end -1.6 -0.8) (layer F.Fab) (width 0.1))
    (fp_line (start 1.6 0.8) (end -1.6 0.8) (layer F.Fab) (width 0.1))
    (fp_line (start 1.6 -0.8) (end 1.6 0.8) (layer F.Fab) (width 0.1))
    (fp_line (start -1.6 -0.8) (end 1.6 -0.8) (layer F.Fab) (width 0.1))
    (fp_line (start 1 -1.02) (end -1 -1.02) (layer F.SilkS) (width 0.12))
    (fp_line (start -1 1.02) (end 1 1.02) (layer F.SilkS) (width 0.12))
    (fp_line (start -3.25 -1.05) (end 3.25 -1.05) (layer F.CrtYd) (width 0.05))
    (fp_line (start -3.25 -1.05) (end -3.25 1.05) (layer F.CrtYd) (width 0.05))
    (fp_line (start 3.25 1.05) (end 3.25 -1.05) (layer F.CrtYd) (width 0.05))
    (fp_line (start 3.25 1.05) (end -3.25 1.05) (layer F.CrtYd) (width 0.05))
    (pad 1 smd rect (at -2 0) (size 2 1.6) (layers F.Cu F.Paste F.Mask)
      (net 1 +3V3))
    (pad 2 smd rect (at 2 0) (size 2 1.6) (layers F.Cu F.Paste F.Mask)
      (net 3 GND))
    (model Capacitors_SMD.3dshapes/C_1206.wrl
      (at (xyz 0 0 0))
      (scale (xyz 1 1 1))
      (rotate (xyz 0 0 0))
    )
  )

  (module Capacitors_SMD:C_1206_HandSoldering (layer B.Cu) (tedit 58AA84D1) (tstamp 59A45087)
    (at 172.72 64.135)
    (descr "Capacitor SMD 1206, hand soldering")
    (tags "capacitor 1206")
    (path /59277303)
    (attr smd)
    (fp_text reference C2 (at 0 1.75) (layer B.SilkS)
      (effects (font (size 1 1) (thickness 0.15)) (justify mirror))
    )
    (fp_text value 1uF (at 0 -2) (layer B.Fab)
      (effects (font (size 1 1) (thickness 0.15)) (justify mirror))
    )
    (fp_line (start 3.25 -1.05) (end -3.25 -1.05) (layer B.CrtYd) (width 0.05))
    (fp_line (start 3.25 -1.05) (end 3.25 1.05) (layer B.CrtYd) (width 0.05))
    (fp_line (start -3.25 1.05) (end -3.25 -1.05) (layer B.CrtYd) (width 0.05))
    (fp_line (start -3.25 1.05) (end 3.25 1.05) (layer B.CrtYd) (width 0.05))
    (fp_line (start -1 -1.02) (end 1 -1.02) (layer B.SilkS) (width 0.12))
    (fp_line (start 1 1.02) (end -1 1.02) (layer B.SilkS) (width 0.12))
    (fp_line (start -1.6 0.8) (end 1.6 0.8) (layer B.Fab) (width 0.1))
    (fp_line (start 1.6 0.8) (end 1.6 -0.8) (layer B.Fab) (width 0.1))
    (fp_line (start 1.6 -0.8) (end -1.6 -0.8) (layer B.Fab) (width 0.1))
    (fp_line (start -1.6 -0.8) (end -1.6 0.8) (layer B.Fab) (width 0.1))
    (fp_text user %R (at 0 1.75) (layer B.Fab)
      (effects (font (size 1 1) (thickness 0.15)) (justify mirror))
    )
    (pad 2 smd rect (at 2 0) (size 2 1.6) (layers B.Cu B.Paste B.Mask)
      (net 3 GND))
    (pad 1 smd rect (at -2 0) (size 2 1.6) (layers B.Cu B.Paste B.Mask)
      (net 1 +3V3))
    (model Capacitors_SMD.3dshapes/C_1206.wrl
      (at (xyz 0 0 0))
      (scale (xyz 1 1 1))
      (rotate (xyz 0 0 0))
    )
  )

  (module Capacitors_SMD:C_1206_HandSoldering (layer F.Cu) (tedit 58AA84D1) (tstamp 59A45098)
    (at 163.83 71.12 180)
    (descr "Capacitor SMD 1206, hand soldering")
    (tags "capacitor 1206")
    (path /59275AF0)
    (attr smd)
    (fp_text reference C3 (at 0 -2.54 270) (layer F.SilkS)
      (effects (font (size 1 1) (thickness 0.15)))
    )
    (fp_text value 10nF (at 0 2 180) (layer F.Fab)
      (effects (font (size 1 1) (thickness 0.15)))
    )
    (fp_line (start 3.25 1.05) (end -3.25 1.05) (layer F.CrtYd) (width 0.05))
    (fp_line (start 3.25 1.05) (end 3.25 -1.05) (layer F.CrtYd) (width 0.05))
    (fp_line (start -3.25 -1.05) (end -3.25 1.05) (layer F.CrtYd) (width 0.05))
    (fp_line (start -3.25 -1.05) (end 3.25 -1.05) (layer F.CrtYd) (width 0.05))
    (fp_line (start -1 1.02) (end 1 1.02) (layer F.SilkS) (width 0.12))
    (fp_line (start 1 -1.02) (end -1 -1.02) (layer F.SilkS) (width 0.12))
    (fp_line (start -1.6 -0.8) (end 1.6 -0.8) (layer F.Fab) (width 0.1))
    (fp_line (start 1.6 -0.8) (end 1.6 0.8) (layer F.Fab) (width 0.1))
    (fp_line (start 1.6 0.8) (end -1.6 0.8) (layer F.Fab) (width 0.1))
    (fp_line (start -1.6 0.8) (end -1.6 -0.8) (layer F.Fab) (width 0.1))
    (fp_text user %R (at 0 -1.75 180) (layer F.Fab)
      (effects (font (size 1 1) (thickness 0.15)))
    )
    (pad 2 smd rect (at 2 0 180) (size 2 1.6) (layers F.Cu F.Paste F.Mask)
      (net 3 GND))
    (pad 1 smd rect (at -2 0 180) (size 2 1.6) (layers F.Cu F.Paste F.Mask)
      (net 64 "Net-(C3-Pad1)"))
    (model Capacitors_SMD.3dshapes/C_1206.wrl
      (at (xyz 0 0 0))
      (scale (xyz 1 1 1))
      (rotate (xyz 0 0 0))
    )
  )

  (module Capacitors_SMD:C_1206_HandSoldering (layer B.Cu) (tedit 58AA84D1) (tstamp 59A450A9)
    (at 172.72 67.31)
    (descr "Capacitor SMD 1206, hand soldering")
    (tags "capacitor 1206")
    (path /5927730C)
    (attr smd)
    (fp_text reference C4 (at 0 1.75) (layer B.SilkS)
      (effects (font (size 1 1) (thickness 0.15)) (justify mirror))
    )
    (fp_text value 10nF (at 0 -2) (layer B.Fab)
      (effects (font (size 1 1) (thickness 0.15)) (justify mirror))
    )
    (fp_text user %R (at 0 1.75) (layer B.Fab)
      (effects (font (size 1 1) (thickness 0.15)) (justify mirror))
    )
    (fp_line (start -1.6 -0.8) (end -1.6 0.8) (layer B.Fab) (width 0.1))
    (fp_line (start 1.6 -0.8) (end -1.6 -0.8) (layer B.Fab) (width 0.1))
    (fp_line (start 1.6 0.8) (end 1.6 -0.8) (layer B.Fab) (width 0.1))
    (fp_line (start -1.6 0.8) (end 1.6 0.8) (layer B.Fab) (width 0.1))
    (fp_line (start 1 1.02) (end -1 1.02) (layer B.SilkS) (width 0.12))
    (fp_line (start -1 -1.02) (end 1 -1.02) (layer B.SilkS) (width 0.12))
    (fp_line (start -3.25 1.05) (end 3.25 1.05) (layer B.CrtYd) (width 0.05))
    (fp_line (start -3.25 1.05) (end -3.25 -1.05) (layer B.CrtYd) (width 0.05))
    (fp_line (start 3.25 -1.05) (end 3.25 1.05) (layer B.CrtYd) (width 0.05))
    (fp_line (start 3.25 -1.05) (end -3.25 -1.05) (layer B.CrtYd) (width 0.05))
    (pad 1 smd rect (at -2 0) (size 2 1.6) (layers B.Cu B.Paste B.Mask)
      (net 6 "Net-(C4-Pad1)"))
    (pad 2 smd rect (at 2 0) (size 2 1.6) (layers B.Cu B.Paste B.Mask)
      (net 3 GND))
    (model Capacitors_SMD.3dshapes/C_1206.wrl
      (at (xyz 0 0 0))
      (scale (xyz 1 1 1))
      (rotate (xyz 0 0 0))
    )
  )

  (module Capacitors_SMD:C_1206_HandSoldering (layer F.Cu) (tedit 58AA84D1) (tstamp 59A450BA)
    (at 185.42 64.77 270)
    (descr "Capacitor SMD 1206, hand soldering")
    (tags "capacitor 1206")
    (path /59A3E398)
    (attr smd)
    (fp_text reference C5 (at -4.445 0) (layer F.SilkS)
      (effects (font (size 1 1) (thickness 0.15)))
    )
    (fp_text value 1uF (at 0 2 270) (layer F.Fab)
      (effects (font (size 1 1) (thickness 0.15)))
    )
    (fp_line (start 3.25 1.05) (end -3.25 1.05) (layer F.CrtYd) (width 0.05))
    (fp_line (start 3.25 1.05) (end 3.25 -1.05) (layer F.CrtYd) (width 0.05))
    (fp_line (start -3.25 -1.05) (end -3.25 1.05) (layer F.CrtYd) (width 0.05))
    (fp_line (start -3.25 -1.05) (end 3.25 -1.05) (layer F.CrtYd) (width 0.05))
    (fp_line (start -1 1.02) (end 1 1.02) (layer F.SilkS) (width 0.12))
    (fp_line (start 1 -1.02) (end -1 -1.02) (layer F.SilkS) (width 0.12))
    (fp_line (start -1.6 -0.8) (end 1.6 -0.8) (layer F.Fab) (width 0.1))
    (fp_line (start 1.6 -0.8) (end 1.6 0.8) (layer F.Fab) (width 0.1))
    (fp_line (start 1.6 0.8) (end -1.6 0.8) (layer F.Fab) (width 0.1))
    (fp_line (start -1.6 0.8) (end -1.6 -0.8) (layer F.Fab) (width 0.1))
    (fp_text user %R (at 0 -1.75 270) (layer F.Fab)
      (effects (font (size 1 1) (thickness 0.15)))
    )
    (pad 2 smd rect (at 2 0 270) (size 2 1.6) (layers F.Cu F.Paste F.Mask)
      (net 3 GND))
    (pad 1 smd rect (at -2 0 270) (size 2 1.6) (layers F.Cu F.Paste F.Mask)
      (net 2 +5V))
    (model Capacitors_SMD.3dshapes/C_1206.wrl
      (at (xyz 0 0 0))
      (scale (xyz 1 1 1))
      (rotate (xyz 0 0 0))
    )
  )

  (module Capacitors_SMD:C_1206_HandSoldering (layer F.Cu) (tedit 58AA84D1) (tstamp 59A450CB)
    (at 169.545 75.565)
    (descr "Capacitor SMD 1206, hand soldering")
    (tags "capacitor 1206")
    (path /59275B68)
    (attr smd)
    (fp_text reference C6 (at -5.08 0) (layer F.SilkS)
      (effects (font (size 1 1) (thickness 0.15)))
    )
    (fp_text value 1uF (at 0 2) (layer F.Fab)
      (effects (font (size 1 1) (thickness 0.15)))
    )
    (fp_text user %R (at 0 -1.75) (layer F.Fab)
      (effects (font (size 1 1) (thickness 0.15)))
    )
    (fp_line (start -1.6 0.8) (end -1.6 -0.8) (layer F.Fab) (width 0.1))
    (fp_line (start 1.6 0.8) (end -1.6 0.8) (layer F.Fab) (width 0.1))
    (fp_line (start 1.6 -0.8) (end 1.6 0.8) (layer F.Fab) (width 0.1))
    (fp_line (start -1.6 -0.8) (end 1.6 -0.8) (layer F.Fab) (width 0.1))
    (fp_line (start 1 -1.02) (end -1 -1.02) (layer F.SilkS) (width 0.12))
    (fp_line (start -1 1.02) (end 1 1.02) (layer F.SilkS) (width 0.12))
    (fp_line (start -3.25 -1.05) (end 3.25 -1.05) (layer F.CrtYd) (width 0.05))
    (fp_line (start -3.25 -1.05) (end -3.25 1.05) (layer F.CrtYd) (width 0.05))
    (fp_line (start 3.25 1.05) (end 3.25 -1.05) (layer F.CrtYd) (width 0.05))
    (fp_line (start 3.25 1.05) (end -3.25 1.05) (layer F.CrtYd) (width 0.05))
    (pad 1 smd rect (at -2 0) (size 2 1.6) (layers F.Cu F.Paste F.Mask)
      (net 4 +1V8))
    (pad 2 smd rect (at 2 0) (size 2 1.6) (layers F.Cu F.Paste F.Mask)
      (net 3 GND))
    (model Capacitors_SMD.3dshapes/C_1206.wrl
      (at (xyz 0 0 0))
      (scale (xyz 1 1 1))
      (rotate (xyz 0 0 0))
    )
  )

  (module Capacitors_SMD:C_1206_HandSoldering (layer F.Cu) (tedit 58AA84D1) (tstamp 59A450DC)
    (at 182.88 64.77 270)
    (descr "Capacitor SMD 1206, hand soldering")
    (tags "capacitor 1206")
    (path /5927939E)
    (attr smd)
    (fp_text reference C7 (at 0 1.905 270) (layer F.SilkS)
      (effects (font (size 1 1) (thickness 0.15)))
    )
    (fp_text value 22uF (at 0 2 270) (layer F.Fab)
      (effects (font (size 1 1) (thickness 0.15)))
    )
    (fp_line (start 3.25 1.05) (end -3.25 1.05) (layer F.CrtYd) (width 0.05))
    (fp_line (start 3.25 1.05) (end 3.25 -1.05) (layer F.CrtYd) (width 0.05))
    (fp_line (start -3.25 -1.05) (end -3.25 1.05) (layer F.CrtYd) (width 0.05))
    (fp_line (start -3.25 -1.05) (end 3.25 -1.05) (layer F.CrtYd) (width 0.05))
    (fp_line (start -1 1.02) (end 1 1.02) (layer F.SilkS) (width 0.12))
    (fp_line (start 1 -1.02) (end -1 -1.02) (layer F.SilkS) (width 0.12))
    (fp_line (start -1.6 -0.8) (end 1.6 -0.8) (layer F.Fab) (width 0.1))
    (fp_line (start 1.6 -0.8) (end 1.6 0.8) (layer F.Fab) (width 0.1))
    (fp_line (start 1.6 0.8) (end -1.6 0.8) (layer F.Fab) (width 0.1))
    (fp_line (start -1.6 0.8) (end -1.6 -0.8) (layer F.Fab) (width 0.1))
    (fp_text user %R (at 0 -1.75 270) (layer F.Fab)
      (effects (font (size 1 1) (thickness 0.15)))
    )
    (pad 2 smd rect (at 2 0 270) (size 2 1.6) (layers F.Cu F.Paste F.Mask)
      (net 3 GND))
    (pad 1 smd rect (at -2 0 270) (size 2 1.6) (layers F.Cu F.Paste F.Mask)
      (net 2 +5V))
    (model Capacitors_SMD.3dshapes/C_1206.wrl
      (at (xyz 0 0 0))
      (scale (xyz 1 1 1))
      (rotate (xyz 0 0 0))
    )
  )

  (module Capacitors_SMD:C_1206_HandSoldering (layer B.Cu) (tedit 58AA84D1) (tstamp 59A450ED)
    (at 163.195 65.405 90)
    (descr "Capacitor SMD 1206, hand soldering")
    (tags "capacitor 1206")
    (path /59277312)
    (attr smd)
    (fp_text reference C8 (at 0 1.75 90) (layer B.SilkS)
      (effects (font (size 1 1) (thickness 0.15)) (justify mirror))
    )
    (fp_text value 1uF (at 0 -2 90) (layer B.Fab)
      (effects (font (size 1 1) (thickness 0.15)) (justify mirror))
    )
    (fp_text user %R (at 0 1.75 90) (layer B.Fab)
      (effects (font (size 1 1) (thickness 0.15)) (justify mirror))
    )
    (fp_line (start -1.6 -0.8) (end -1.6 0.8) (layer B.Fab) (width 0.1))
    (fp_line (start 1.6 -0.8) (end -1.6 -0.8) (layer B.Fab) (width 0.1))
    (fp_line (start 1.6 0.8) (end 1.6 -0.8) (layer B.Fab) (width 0.1))
    (fp_line (start -1.6 0.8) (end 1.6 0.8) (layer B.Fab) (width 0.1))
    (fp_line (start 1 1.02) (end -1 1.02) (layer B.SilkS) (width 0.12))
    (fp_line (start -1 -1.02) (end 1 -1.02) (layer B.SilkS) (width 0.12))
    (fp_line (start -3.25 1.05) (end 3.25 1.05) (layer B.CrtYd) (width 0.05))
    (fp_line (start -3.25 1.05) (end -3.25 -1.05) (layer B.CrtYd) (width 0.05))
    (fp_line (start 3.25 -1.05) (end 3.25 1.05) (layer B.CrtYd) (width 0.05))
    (fp_line (start 3.25 -1.05) (end -3.25 -1.05) (layer B.CrtYd) (width 0.05))
    (pad 1 smd rect (at -2 0 90) (size 2 1.6) (layers B.Cu B.Paste B.Mask)
      (net 5 +2V8))
    (pad 2 smd rect (at 2 0 90) (size 2 1.6) (layers B.Cu B.Paste B.Mask)
      (net 3 GND))
    (model Capacitors_SMD.3dshapes/C_1206.wrl
      (at (xyz 0 0 0))
      (scale (xyz 1 1 1))
      (rotate (xyz 0 0 0))
    )
  )

  (module Capacitors_SMD:C_1206_HandSoldering (layer F.Cu) (tedit 58AA84D1) (tstamp 59A450FE)
    (at 195.58 64.77 90)
    (descr "Capacitor SMD 1206, hand soldering")
    (tags "capacitor 1206")
    (path /5927CF4B)
    (attr smd)
    (fp_text reference C9 (at 4.445 0 90) (layer F.SilkS)
      (effects (font (size 1 1) (thickness 0.15)))
    )
    (fp_text value 22uF (at 0 2 90) (layer F.Fab)
      (effects (font (size 1 1) (thickness 0.15)))
    )
    (fp_line (start 3.25 1.05) (end -3.25 1.05) (layer F.CrtYd) (width 0.05))
    (fp_line (start 3.25 1.05) (end 3.25 -1.05) (layer F.CrtYd) (width 0.05))
    (fp_line (start -3.25 -1.05) (end -3.25 1.05) (layer F.CrtYd) (width 0.05))
    (fp_line (start -3.25 -1.05) (end 3.25 -1.05) (layer F.CrtYd) (width 0.05))
    (fp_line (start -1 1.02) (end 1 1.02) (layer F.SilkS) (width 0.12))
    (fp_line (start 1 -1.02) (end -1 -1.02) (layer F.SilkS) (width 0.12))
    (fp_line (start -1.6 -0.8) (end 1.6 -0.8) (layer F.Fab) (width 0.1))
    (fp_line (start 1.6 -0.8) (end 1.6 0.8) (layer F.Fab) (width 0.1))
    (fp_line (start 1.6 0.8) (end -1.6 0.8) (layer F.Fab) (width 0.1))
    (fp_line (start -1.6 0.8) (end -1.6 -0.8) (layer F.Fab) (width 0.1))
    (fp_text user %R (at 0 -1.75 90) (layer F.Fab)
      (effects (font (size 1 1) (thickness 0.15)))
    )
    (pad 2 smd rect (at 2 0 90) (size 2 1.6) (layers F.Cu F.Paste F.Mask)
      (net 65 "Net-(C10-Pad2)"))
    (pad 1 smd rect (at -2 0 90) (size 2 1.6) (layers F.Cu F.Paste F.Mask)
      (net 3 GND))
    (model Capacitors_SMD.3dshapes/C_1206.wrl
      (at (xyz 0 0 0))
      (scale (xyz 1 1 1))
      (rotate (xyz 0 0 0))
    )
  )

  (module Capacitors_SMD:C_1206_HandSoldering (layer F.Cu) (tedit 58AA84D1) (tstamp 59A4510F)
    (at 198.12 64.77 90)
    (descr "Capacitor SMD 1206, hand soldering")
    (tags "capacitor 1206")
    (path /5927CE46)
    (attr smd)
    (fp_text reference C10 (at 5.08 0 90) (layer F.SilkS)
      (effects (font (size 1 1) (thickness 0.15)))
    )
    (fp_text value 22uF (at 0 2 90) (layer F.Fab)
      (effects (font (size 1 1) (thickness 0.15)))
    )
    (fp_text user %R (at 0 -1.75 90) (layer F.Fab)
      (effects (font (size 1 1) (thickness 0.15)))
    )
    (fp_line (start -1.6 0.8) (end -1.6 -0.8) (layer F.Fab) (width 0.1))
    (fp_line (start 1.6 0.8) (end -1.6 0.8) (layer F.Fab) (width 0.1))
    (fp_line (start 1.6 -0.8) (end 1.6 0.8) (layer F.Fab) (width 0.1))
    (fp_line (start -1.6 -0.8) (end 1.6 -0.8) (layer F.Fab) (width 0.1))
    (fp_line (start 1 -1.02) (end -1 -1.02) (layer F.SilkS) (width 0.12))
    (fp_line (start -1 1.02) (end 1 1.02) (layer F.SilkS) (width 0.12))
    (fp_line (start -3.25 -1.05) (end 3.25 -1.05) (layer F.CrtYd) (width 0.05))
    (fp_line (start -3.25 -1.05) (end -3.25 1.05) (layer F.CrtYd) (width 0.05))
    (fp_line (start 3.25 1.05) (end 3.25 -1.05) (layer F.CrtYd) (width 0.05))
    (fp_line (start 3.25 1.05) (end -3.25 1.05) (layer F.CrtYd) (width 0.05))
    (pad 1 smd rect (at -2 0 90) (size 2 1.6) (layers F.Cu F.Paste F.Mask)
      (net 3 GND))
    (pad 2 smd rect (at 2 0 90) (size 2 1.6) (layers F.Cu F.Paste F.Mask)
      (net 65 "Net-(C10-Pad2)"))
    (model Capacitors_SMD.3dshapes/C_1206.wrl
      (at (xyz 0 0 0))
      (scale (xyz 1 1 1))
      (rotate (xyz 0 0 0))
    )
  )

  (module Capacitors_SMD:C_1206_HandSoldering (layer F.Cu) (tedit 58AA84D1) (tstamp 59A45120)
    (at 208.185 67.31 180)
    (descr "Capacitor SMD 1206, hand soldering")
    (tags "capacitor 1206")
    (path /5934B0D3)
    (attr smd)
    (fp_text reference C11 (at 4.985 0 180) (layer F.SilkS)
      (effects (font (size 1 1) (thickness 0.15)))
    )
    (fp_text value 4.7uF (at 0 2 180) (layer F.Fab)
      (effects (font (size 1 1) (thickness 0.15)))
    )
    (fp_text user %R (at 0 -1.75 180) (layer F.Fab)
      (effects (font (size 1 1) (thickness 0.15)))
    )
    (fp_line (start -1.6 0.8) (end -1.6 -0.8) (layer F.Fab) (width 0.1))
    (fp_line (start 1.6 0.8) (end -1.6 0.8) (layer F.Fab) (width 0.1))
    (fp_line (start 1.6 -0.8) (end 1.6 0.8) (layer F.Fab) (width 0.1))
    (fp_line (start -1.6 -0.8) (end 1.6 -0.8) (layer F.Fab) (width 0.1))
    (fp_line (start 1 -1.02) (end -1 -1.02) (layer F.SilkS) (width 0.12))
    (fp_line (start -1 1.02) (end 1 1.02) (layer F.SilkS) (width 0.12))
    (fp_line (start -3.25 -1.05) (end 3.25 -1.05) (layer F.CrtYd) (width 0.05))
    (fp_line (start -3.25 -1.05) (end -3.25 1.05) (layer F.CrtYd) (width 0.05))
    (fp_line (start 3.25 1.05) (end 3.25 -1.05) (layer F.CrtYd) (width 0.05))
    (fp_line (start 3.25 1.05) (end -3.25 1.05) (layer F.CrtYd) (width 0.05))
    (pad 1 smd rect (at -2 0 180) (size 2 1.6) (layers F.Cu F.Paste F.Mask)
      (net 1 +3V3))
    (pad 2 smd rect (at 2 0 180) (size 2 1.6) (layers F.Cu F.Paste F.Mask)
      (net 3 GND))
    (model Capacitors_SMD.3dshapes/C_1206.wrl
      (at (xyz 0 0 0))
      (scale (xyz 1 1 1))
      (rotate (xyz 0 0 0))
    )
  )

  (module foot:Micro_USB_B_10104110 (layer F.Cu) (tedit 59484E99) (tstamp 59A45136)
    (at 178.435 60.96 180)
    (path /5925E07F)
    (fp_text reference J1 (at 0 -2 180) (layer F.SilkS)
      (effects (font (size 1 1) (thickness 0.15)))
    )
    (fp_text value USB_POWER (at 0.5 -2 180) (layer F.Fab)
      (effects (font (size 1 1) (thickness 0.15)))
    )
    (fp_line (start -2 0) (end -4 0) (layer F.SilkS) (width 0.15))
    (fp_line (start -4 0) (end -4 2) (layer F.SilkS) (width 0.15))
    (fp_line (start 2 0) (end 4 0) (layer F.SilkS) (width 0.15))
    (fp_line (start 4 0) (end 4 2) (layer F.SilkS) (width 0.15))
    (fp_line (start -4 5) (end -4 5.5) (layer F.Fab) (width 0.15))
    (fp_line (start -4 5.5) (end 4 5.5) (layer F.Fab) (width 0.15))
    (fp_line (start 4 5.5) (end 4 5) (layer F.Fab) (width 0.15))
    (pad "" np_thru_hole circle (at 1.95 0.675 180) (size 0.5 0.5) (drill 0.5) (layers *.Cu *.Mask))
    (pad 6 smd rect (at -1.4 3.55) (size 1.8 1.9) (layers F.Cu F.Paste F.Mask)
      (net 3 GND))
    (pad 6 smd rect (at -3.75 3.55) (size 2.3 1.9) (layers F.Cu F.Paste F.Mask)
      (net 3 GND))
    (pad 6 smd rect (at 1.4 3.55) (size 1.8 1.9) (layers F.Cu F.Paste F.Mask)
      (net 3 GND))
    (pad 6 smd rect (at 3.75 3.55) (size 2.3 1.9) (layers F.Cu F.Paste F.Mask)
      (net 3 GND))
    (pad 1 smd rect (at -1.3 0) (size 0.4 1.4) (layers F.Cu F.Paste F.Mask)
      (net 2 +5V))
    (pad 2 smd rect (at -0.65 0) (size 0.4 1.4) (layers F.Cu F.Paste F.Mask))
    (pad 3 smd rect (at 0 0) (size 0.4 1.4) (layers F.Cu F.Paste F.Mask))
    (pad 4 smd rect (at 0.65 0) (size 0.4 1.4) (layers F.Cu F.Paste F.Mask))
    (pad 5 smd rect (at 1.3 0) (size 0.4 1.4) (layers F.Cu F.Paste F.Mask)
      (net 3 GND))
    (pad "" np_thru_hole circle (at -1.95 0.675 180) (size 0.5 0.5) (drill 0.5) (layers *.Cu *.Mask))
  )

  (module foot:Micro_USB_B_10104110 (layer F.Cu) (tedit 59484E99) (tstamp 59A45262)
    (at 166.37 60.96 180)
    (path /592AB138)
    (fp_text reference J9 (at 4.445 -0.635 180) (layer F.SilkS)
      (effects (font (size 1 1) (thickness 0.15)))
    )
    (fp_text value USB_OTG (at 0.5 -2 180) (layer F.Fab)
      (effects (font (size 1 1) (thickness 0.15)))
    )
    (fp_line (start 4 5.5) (end 4 5) (layer F.Fab) (width 0.15))
    (fp_line (start -4 5.5) (end 4 5.5) (layer F.Fab) (width 0.15))
    (fp_line (start -4 5) (end -4 5.5) (layer F.Fab) (width 0.15))
    (fp_line (start 4 0) (end 4 2) (layer F.SilkS) (width 0.15))
    (fp_line (start 2 0) (end 4 0) (layer F.SilkS) (width 0.15))
    (fp_line (start -4 0) (end -4 2) (layer F.SilkS) (width 0.15))
    (fp_line (start -2 0) (end -4 0) (layer F.SilkS) (width 0.15))
    (pad "" np_thru_hole circle (at -1.95 0.675 180) (size 0.5 0.5) (drill 0.5) (layers *.Cu *.Mask))
    (pad 5 smd rect (at 1.3 0) (size 0.4 1.4) (layers F.Cu F.Paste F.Mask)
      (net 3 GND))
    (pad 4 smd rect (at 0.65 0) (size 0.4 1.4) (layers F.Cu F.Paste F.Mask)
      (net 15 OTDIG))
    (pad 3 smd rect (at 0 0) (size 0.4 1.4) (layers F.Cu F.Paste F.Mask)
      (net 17 /D+))
    (pad 2 smd rect (at -0.65 0) (size 0.4 1.4) (layers F.Cu F.Paste F.Mask)
      (net 16 /D-))
    (pad 1 smd rect (at -1.3 0) (size 0.4 1.4) (layers F.Cu F.Paste F.Mask)
      (net 66 "Net-(J9-Pad1)"))
    (pad 6 smd rect (at 3.75 3.55) (size 2.3 1.9) (layers F.Cu F.Paste F.Mask)
      (net 3 GND))
    (pad 6 smd rect (at 1.4 3.55) (size 1.8 1.9) (layers F.Cu F.Paste F.Mask)
      (net 3 GND))
    (pad 6 smd rect (at -3.75 3.55) (size 2.3 1.9) (layers F.Cu F.Paste F.Mask)
      (net 3 GND))
    (pad 6 smd rect (at -1.4 3.55) (size 1.8 1.9) (layers F.Cu F.Paste F.Mask)
      (net 3 GND))
    (pad "" np_thru_hole circle (at 1.95 0.675 180) (size 0.5 0.5) (drill 0.5) (layers *.Cu *.Mask))
  )

  (module foot:Socket_SODIMM_DDR1-2_TE_1612618 locked (layer B.Cu) (tedit 5933F150) (tstamp 59A45350)
    (at 190.5 76.2 180)
    (descr "DDR 1&2 SODIMM Memory Socket - TE P/N 1612618")
    (tags "DDR RAM SODIMM")
    (path /5925D28A)
    (attr smd)
    (fp_text reference J10 (at -38.2 2.4 180) (layer B.SilkS)
      (effects (font (size 1 1) (thickness 0.15)) (justify mirror))
    )
    (fp_text value CM3Lite (at 4.8 7.4 180) (layer B.Fab)
      (effects (font (size 1 1) (thickness 0.15)) (justify mirror))
    )
    (fp_line (start 36 -6) (end 36 2.5) (layer B.SilkS) (width 0.15))
    (fp_line (start 36 14) (end 36 11.8) (layer B.SilkS) (width 0.15))
    (fp_line (start -36 2.5) (end -36 -6) (layer B.SilkS) (width 0.15))
    (fp_line (start -36 14) (end -36 11.7) (layer B.SilkS) (width 0.15))
    (fp_line (start -34 2.5) (end -34 6.5) (layer B.SilkS) (width 0.15))
    (fp_line (start -36 2.5) (end -34 2.5) (layer B.SilkS) (width 0.15))
    (fp_line (start -31.65 -6.15) (end -31.05 -6.65) (layer B.SilkS) (width 0.15))
    (fp_line (start -31.05 -6.65) (end -32.25 -6.65) (layer B.SilkS) (width 0.15))
    (fp_line (start -32.25 -6.65) (end -31.65 -6.15) (layer B.SilkS) (width 0.15))
    (fp_line (start -17.55 4.5) (end -17.55 2.9) (layer B.SilkS) (width 0.15))
    (fp_line (start -17.55 5.35) (end -17.55 6.6) (layer B.SilkS) (width 0.15))
    (fp_line (start -37.5 20) (end -37.5 17) (layer B.SilkS) (width 0.15))
    (fp_line (start -37.5 17) (end -36 14) (layer B.SilkS) (width 0.15))
    (fp_line (start -36 -6) (end 36 -6) (layer B.SilkS) (width 0.15))
    (fp_line (start 36 14) (end 37.5 17) (layer B.SilkS) (width 0.15))
    (fp_line (start 37.5 17) (end 37.5 20) (layer B.SilkS) (width 0.15))
    (fp_line (start 37.5 20) (end 33 20) (layer B.SilkS) (width 0.15))
    (fp_line (start 33 6) (end 0 6) (layer B.SilkS) (width 0.15))
    (fp_line (start 0 6) (end -33 6) (layer B.SilkS) (width 0.15))
    (fp_line (start -33 20) (end -37.5 20) (layer B.SilkS) (width 0.15))
    (fp_line (start -34 6.5) (end -36 8.5) (layer B.SilkS) (width 0.15))
    (fp_line (start -36 8.5) (end -36 12) (layer B.SilkS) (width 0.15))
    (fp_line (start -33 6) (end -33 8.5) (layer B.SilkS) (width 0.15))
    (fp_line (start -33 15.5) (end -33 20) (layer B.SilkS) (width 0.15))
    (fp_line (start 33 6) (end 33 8.5) (layer B.SilkS) (width 0.15))
    (fp_line (start 33 20) (end 33 15.5) (layer B.SilkS) (width 0.15))
    (fp_line (start 34.002968 2.496) (end 34.002968 6.496) (layer B.SilkS) (width 0.15))
    (fp_line (start 36.002968 2.496) (end 34.002968 2.496) (layer B.SilkS) (width 0.15))
    (fp_line (start 36.002968 8.496) (end 36 12) (layer B.SilkS) (width 0.15))
    (fp_line (start 34.002968 6.496) (end 36.002968 8.496) (layer B.SilkS) (width 0.15))
    (pad "" np_thru_hole circle (at -33.4 0 180) (size 1.6 1.6) (drill 1.6) (layers *.Cu *.Mask))
    (pad "" np_thru_hole circle (at 33.4 0 180) (size 1.1 1.1) (drill 1.1) (layers *.Cu *.Mask))
    (pad "" smd rect (at -32 12 180) (size 5 6) (layers B.Cu B.Paste B.Mask))
    (pad 1 smd rect (at -31.65 -4.1 180) (size 0.35 2) (layers B.Cu B.Paste B.Mask)
      (net 3 GND))
    (pad 3 smd rect (at -31.05 -4.1 180) (size 0.35 2) (layers B.Cu B.Paste B.Mask)
      (net 28 /BCM_0))
    (pad 5 smd rect (at -30.45 -4.1 180) (size 0.35 2) (layers B.Cu B.Paste B.Mask)
      (net 27 /BCM_1))
    (pad 7 smd rect (at -29.85 -4.1 180) (size 0.35 2) (layers B.Cu B.Paste B.Mask)
      (net 3 GND))
    (pad 9 smd rect (at -29.25 -4.1 180) (size 0.35 2) (layers B.Cu B.Paste B.Mask)
      (net 45 /BCM_2))
    (pad 11 smd rect (at -28.65 -4.1 180) (size 0.35 2) (layers B.Cu B.Paste B.Mask)
      (net 44 /BCM_3))
    (pad 13 smd rect (at -28.05 -4.1 180) (size 0.35 2) (layers B.Cu B.Paste B.Mask)
      (net 3 GND))
    (pad 15 smd rect (at -27.45 -4.1 180) (size 0.35 2) (layers B.Cu B.Paste B.Mask)
      (net 43 /BCM_4))
    (pad 17 smd rect (at -26.85 -4.1 180) (size 0.35 2) (layers B.Cu B.Paste B.Mask)
      (net 26 /BCM_5))
    (pad 19 smd rect (at -26.25 -4.1 180) (size 0.35 2) (layers B.Cu B.Paste B.Mask)
      (net 3 GND))
    (pad 21 smd rect (at -25.65 -4.1 180) (size 0.35 2) (layers B.Cu B.Paste B.Mask)
      (net 25 /BCM_6))
    (pad 23 smd rect (at -25.05 -4.1 180) (size 0.35 2) (layers B.Cu B.Paste B.Mask)
      (net 29 /BCM_7))
    (pad 25 smd rect (at -24.45 -4.1 180) (size 0.35 2) (layers B.Cu B.Paste B.Mask)
      (net 3 GND))
    (pad 27 smd rect (at -23.85 -4.1 180) (size 0.35 2) (layers B.Cu B.Paste B.Mask)
      (net 30 /BCM_8))
    (pad 29 smd rect (at -23.25 -4.1 180) (size 0.35 2) (layers B.Cu B.Paste B.Mask)
      (net 33 /BCM_9))
    (pad 31 smd rect (at -22.65 -4.1 180) (size 0.35 2) (layers B.Cu B.Paste B.Mask)
      (net 3 GND))
    (pad 33 smd rect (at -22.05 -4.1 180) (size 0.35 2) (layers B.Cu B.Paste B.Mask)
      (net 34 /BCM_10))
    (pad 35 smd rect (at -21.45 -4.1 180) (size 0.35 2) (layers B.Cu B.Paste B.Mask)
      (net 31 /BCM_11))
    (pad 37 smd rect (at -20.85 -4.1 180) (size 0.35 2) (layers B.Cu B.Paste B.Mask)
      (net 3 GND))
    (pad 39 smd rect (at -20.25 -4.1 180) (size 0.35 2) (layers B.Cu B.Paste B.Mask)
      (net 1 +3V3))
    (pad 41 smd rect (at -16.05 -4.1 180) (size 0.35 2) (layers B.Cu B.Paste B.Mask)
      (net 1 +3V3))
    (pad 43 smd rect (at -15.45 -4.1 180) (size 0.35 2) (layers B.Cu B.Paste B.Mask)
      (net 3 GND))
    (pad 45 smd rect (at -14.85 -4.1 180) (size 0.35 2) (layers B.Cu B.Paste B.Mask)
      (net 24 /BCM_12))
    (pad 47 smd rect (at -14.25 -4.1 180) (size 0.35 2) (layers B.Cu B.Paste B.Mask)
      (net 23 /BCM_13))
    (pad 49 smd rect (at -13.65 -4.1 180) (size 0.35 2) (layers B.Cu B.Paste B.Mask)
      (net 3 GND))
    (pad 51 smd rect (at -13.05 -4.1 180) (size 0.35 2) (layers B.Cu B.Paste B.Mask)
      (net 42 /BCM_14))
    (pad 53 smd rect (at -12.45 -4.1 180) (size 0.35 2) (layers B.Cu B.Paste B.Mask)
      (net 41 /BCM_15))
    (pad 55 smd rect (at -11.85 -4.1 180) (size 0.35 2) (layers B.Cu B.Paste B.Mask)
      (net 3 GND))
    (pad 57 smd rect (at -11.25 -4.1 180) (size 0.35 2) (layers B.Cu B.Paste B.Mask)
      (net 21 /BCM_16))
    (pad 59 smd rect (at -10.65 -4.1 180) (size 0.35 2) (layers B.Cu B.Paste B.Mask)
      (net 40 /BCM_17))
    (pad 61 smd rect (at -10.05 -4.1 180) (size 0.35 2) (layers B.Cu B.Paste B.Mask)
      (net 3 GND))
    (pad 63 smd rect (at -9.45 -4.1 180) (size 0.35 2) (layers B.Cu B.Paste B.Mask)
      (net 39 /BCM_18))
    (pad 65 smd rect (at -8.85 -4.1 180) (size 0.35 2) (layers B.Cu B.Paste B.Mask)
      (net 22 /BCM_19))
    (pad 67 smd rect (at -8.25 -4.1 180) (size 0.35 2) (layers B.Cu B.Paste B.Mask)
      (net 3 GND))
    (pad 69 smd rect (at -7.65 -4.1 180) (size 0.35 2) (layers B.Cu B.Paste B.Mask)
      (net 19 /BCM_20))
    (pad 71 smd rect (at -7.05 -4.1 180) (size 0.35 2) (layers B.Cu B.Paste B.Mask)
      (net 18 /BCM_21))
    (pad 73 smd rect (at -6.45 -4.1 180) (size 0.35 2) (layers B.Cu B.Paste B.Mask)
      (net 3 GND))
    (pad 75 smd rect (at -5.85 -4.1 180) (size 0.35 2) (layers B.Cu B.Paste B.Mask)
      (net 37 /BCM_22))
    (pad 77 smd rect (at -5.25 -4.1 180) (size 0.35 2) (layers B.Cu B.Paste B.Mask)
      (net 36 /BCM_23))
    (pad 79 smd rect (at -4.65 -4.1 180) (size 0.35 2) (layers B.Cu B.Paste B.Mask)
      (net 3 GND))
    (pad 81 smd rect (at -4.05 -4.1 180) (size 0.35 2) (layers B.Cu B.Paste B.Mask)
      (net 35 /BCM_24))
    (pad 83 smd rect (at -3.45 -4.1 180) (size 0.35 2) (layers B.Cu B.Paste B.Mask)
      (net 32 /BCM_25))
    (pad 85 smd rect (at -2.85 -4.1 180) (size 0.35 2) (layers B.Cu B.Paste B.Mask)
      (net 3 GND))
    (pad 87 smd rect (at -2.25 -4.1 180) (size 0.35 2) (layers B.Cu B.Paste B.Mask)
      (net 20 /BCM_26))
    (pad 89 smd rect (at -1.65 -4.1 180) (size 0.35 2) (layers B.Cu B.Paste B.Mask)
      (net 38 /BCM_27))
    (pad 91 smd rect (at -1.05 -4.1 180) (size 0.35 2) (layers B.Cu B.Paste B.Mask)
      (net 3 GND))
    (pad 93 smd rect (at -0.45 -4.1 180) (size 0.35 2) (layers B.Cu B.Paste B.Mask))
    (pad 95 smd rect (at 0.15 -4.1 180) (size 0.35 2) (layers B.Cu B.Paste B.Mask))
    (pad 97 smd rect (at 0.75 -4.1 180) (size 0.35 2) (layers B.Cu B.Paste B.Mask)
      (net 3 GND))
    (pad 99 smd rect (at 1.35 -4.1 180) (size 0.35 2) (layers B.Cu B.Paste B.Mask))
    (pad 101 smd rect (at 1.95 -4.1 180) (size 0.35 2) (layers B.Cu B.Paste B.Mask))
    (pad 103 smd rect (at 2.55 -4.1 180) (size 0.35 2) (layers B.Cu B.Paste B.Mask)
      (net 3 GND))
    (pad 105 smd rect (at 3.15 -4.1 180) (size 0.35 2) (layers B.Cu B.Paste B.Mask))
    (pad 107 smd rect (at 3.75 -4.1 180) (size 0.35 2) (layers B.Cu B.Paste B.Mask))
    (pad 109 smd rect (at 4.35 -4.1 180) (size 0.35 2) (layers B.Cu B.Paste B.Mask)
      (net 3 GND))
    (pad 111 smd rect (at 4.95 -4.1 180) (size 0.35 2) (layers B.Cu B.Paste B.Mask))
    (pad 113 smd rect (at 5.55 -4.1 180) (size 0.35 2) (layers B.Cu B.Paste B.Mask))
    (pad 115 smd rect (at 6.15 -4.1 180) (size 0.35 2) (layers B.Cu B.Paste B.Mask)
      (net 3 GND))
    (pad 117 smd rect (at 6.75 -4.1 180) (size 0.35 2) (layers B.Cu B.Paste B.Mask))
    (pad 119 smd rect (at 7.35 -4.1 180) (size 0.35 2) (layers B.Cu B.Paste B.Mask))
    (pad 121 smd rect (at 7.95 -4.1 180) (size 0.35 2) (layers B.Cu B.Paste B.Mask)
      (net 3 GND))
    (pad 123 smd rect (at 8.55 -4.1 180) (size 0.35 2) (layers B.Cu B.Paste B.Mask))
    (pad 125 smd rect (at 9.15 -4.1 180) (size 0.35 2) (layers B.Cu B.Paste B.Mask))
    (pad 127 smd rect (at 9.75 -4.1 180) (size 0.35 2) (layers B.Cu B.Paste B.Mask)
      (net 3 GND))
    (pad 129 smd rect (at 10.35 -4.1 180) (size 0.35 2) (layers B.Cu B.Paste B.Mask))
    (pad 131 smd rect (at 10.95 -4.1 180) (size 0.35 2) (layers B.Cu B.Paste B.Mask))
    (pad 133 smd rect (at 11.55 -4.1 180) (size 0.35 2) (layers B.Cu B.Paste B.Mask)
      (net 3 GND))
    (pad 135 smd rect (at 12.15 -4.1 180) (size 0.35 2) (layers B.Cu B.Paste B.Mask))
    (pad 137 smd rect (at 12.75 -4.1 180) (size 0.35 2) (layers B.Cu B.Paste B.Mask))
    (pad 139 smd rect (at 13.35 -4.1 180) (size 0.35 2) (layers B.Cu B.Paste B.Mask)
      (net 3 GND))
    (pad 141 smd rect (at 13.95 -4.1 180) (size 0.35 2) (layers B.Cu B.Paste B.Mask))
    (pad 143 smd rect (at 14.55 -4.1 180) (size 0.35 2) (layers B.Cu B.Paste B.Mask))
    (pad 145 smd rect (at 15.15 -4.1 180) (size 0.35 2) (layers B.Cu B.Paste B.Mask)
      (net 3 GND))
    (pad 147 smd rect (at 15.75 -4.1 180) (size 0.35 2) (layers B.Cu B.Paste B.Mask))
    (pad 149 smd rect (at 16.35 -4.1 180) (size 0.35 2) (layers B.Cu B.Paste B.Mask))
    (pad 151 smd rect (at 16.95 -4.1 180) (size 0.35 2) (layers B.Cu B.Paste B.Mask)
      (net 3 GND))
    (pad 153 smd rect (at 17.55 -4.1 180) (size 0.35 2) (layers B.Cu B.Paste B.Mask))
    (pad 155 smd rect (at 18.15 -4.1 180) (size 0.35 2) (layers B.Cu B.Paste B.Mask))
    (pad 157 smd rect (at 18.75 -4.1 180) (size 0.35 2) (layers B.Cu B.Paste B.Mask)
      (net 3 GND))
    (pad 159 smd rect (at 19.35 -4.1 180) (size 0.35 2) (layers B.Cu B.Paste B.Mask))
    (pad 161 smd rect (at 19.95 -4.1 180) (size 0.35 2) (layers B.Cu B.Paste B.Mask))
    (pad 163 smd rect (at 20.55 -4.1 180) (size 0.35 2) (layers B.Cu B.Paste B.Mask)
      (net 3 GND))
    (pad 165 smd rect (at 21.15 -4.1 180) (size 0.35 2) (layers B.Cu B.Paste B.Mask)
      (net 17 /D+))
    (pad 167 smd rect (at 21.75 -4.1 180) (size 0.35 2) (layers B.Cu B.Paste B.Mask)
      (net 16 /D-))
    (pad 169 smd rect (at 22.35 -4.1 180) (size 0.35 2) (layers B.Cu B.Paste B.Mask)
      (net 3 GND))
    (pad 171 smd rect (at 22.95 -4.1 180) (size 0.35 2) (layers B.Cu B.Paste B.Mask))
    (pad 173 smd rect (at 23.55 -4.1 180) (size 0.35 2) (layers B.Cu B.Paste B.Mask))
    (pad 175 smd rect (at 24.15 -4.1 180) (size 0.35 2) (layers B.Cu B.Paste B.Mask))
    (pad 177 smd rect (at 24.75 -4.1 180) (size 0.35 2) (layers B.Cu B.Paste B.Mask)
      (net 67 "Net-(J10-Pad177)"))
    (pad 179 smd rect (at 25.35 -4.1 180) (size 0.35 2) (layers B.Cu B.Paste B.Mask))
    (pad 181 smd rect (at 25.95 -4.1 180) (size 0.35 2) (layers B.Cu B.Paste B.Mask)
      (net 3 GND))
    (pad 183 smd rect (at 26.55 -4.1 180) (size 0.35 2) (layers B.Cu B.Paste B.Mask)
      (net 4 +1V8))
    (pad 185 smd rect (at 27.15 -4.1 180) (size 0.35 2) (layers B.Cu B.Paste B.Mask)
      (net 4 +1V8))
    (pad 187 smd rect (at 27.75 -4.1 180) (size 0.35 2) (layers B.Cu B.Paste B.Mask)
      (net 3 GND))
    (pad 189 smd rect (at 28.35 -4.1 180) (size 0.35 2) (layers B.Cu B.Paste B.Mask)
      (net 5 +2V8))
    (pad 191 smd rect (at 28.95 -4.1 180) (size 0.35 2) (layers B.Cu B.Paste B.Mask)
      (net 1 +3V3))
