(kicad_pcb (version 20170123) (host pcbnew "(2017-05-26 revision 1fda668f2)-master")

  (general
    (links 255)
    (no_connects 252)
    (area 61.85 41.224999 150.172143 95.455001)
    (thickness 1.6)
    (drawings 11)
    (tracks 0)
    (zones 0)
    (modules 37)
    (nets 86)
  )

  (page User 210.007 148.006)
  (title_block
    (title "Compute Module IO Board (Lite)")
    (date 2017-06-20)
    (company "Mahyar Koshkouei")
    (comment 1 "GPL 3 Licence")
  )

  (layers
    (0 F.Cu signal)
    (31 B.Cu signal)
    (32 B.Adhes user)
    (33 F.Adhes user)
    (34 B.Paste user)
    (35 F.Paste user)
    (36 B.SilkS user)
    (37 F.SilkS user)
    (38 B.Mask user)
    (39 F.Mask user)
    (40 Dwgs.User user)
    (41 Cmts.User user)
    (42 Eco1.User user)
    (43 Eco2.User user)
    (44 Edge.Cuts user)
    (45 Margin user)
    (46 B.CrtYd user)
    (47 F.CrtYd user)
    (48 B.Fab user)
    (49 F.Fab user hide)
  )

  (setup
    (last_trace_width 0.16)
    (trace_clearance 0.16)
    (zone_clearance 0.5)
    (zone_45_only no)
    (trace_min 0.15)
    (segment_width 0.2)
    (edge_width 0.15)
    (via_size 0.6)
    (via_drill 0.4)
    (via_min_size 0.5)
    (via_min_drill 0.3)
    (uvia_size 0.3)
    (uvia_drill 0.1)
    (uvias_allowed no)
    (uvia_min_size 0.2)
    (uvia_min_drill 0.1)
    (pcb_text_width 0.3)
    (pcb_text_size 1.5 1.5)
    (mod_edge_width 0.15)
    (mod_text_size 1 1)
    (mod_text_width 0.15)
    (pad_size 1.7 1)
    (pad_drill 0)
    (pad_to_mask_clearance 0.2)
    (aux_axis_origin 0 0)
    (visible_elements FFFFFF7F)
    (pcbplotparams
      (layerselection 0x010f0_ffffffff)
      (usegerberextensions false)
      (excludeedgelayer true)
      (linewidth 0.100000)
      (plotframeref false)
      (viasonmask false)
      (mode 1)
      (useauxorigin false)
      (hpglpennumber 1)
      (hpglpenspeed 20)
      (hpglpendiameter 15)
      (psnegative false)
      (psa4output false)
      (plotreference true)
      (plotvalue true)
      (plotinvisibletext false)
      (padsonsilk false)
      (subtractmaskfromsilk false)
      (outputformat 1)
      (mirror false)
      (drillshape 0)
      (scaleselection 1)
      (outputdirectory ../out/))
  )

  (net 0 "")
  (net 1 +3V3)
  (net 2 +5V)
  (net 3 GND)
  (net 4 /DSI0_0)
  (net 5 /DSI0_1)
  (net 6 /DSI0_2)
  (net 7 /DSI0_3)
  (net 8 /DSI0_4)
  (net 9 /DSI0_5)
  (net 10 +1V8)
  (net 11 +2V8)
  (net 12 /DSI1_0)
  (net 13 /DSI1_1)
  (net 14 /DSI1_2)
  (net 15 /DSI1_3)
  (net 16 /DSI1_4)
  (net 17 /DSI1_5)
  (net 18 /DSI1_6)
  (net 19 /DSI1_7)
  (net 20 /DSI1_8)
  (net 21 /DSI1_9)
  (net 22 TVDAC)
  (net 23 "Net-(C4-Pad1)")
  (net 24 "Net-(C5-Pad1)")
  (net 25 "Net-(C6-Pad2)")
  (net 26 CLK)
  (net 27 CMD)
  (net 28 DAT0)
  (net 29 DAT1)
  (net 30 DAT2)
  (net 31 DAT3)
  (net 32 "Net-(L1-Pad1)")
  (net 33 "Net-(L1-Pad2)")
  (net 34 "Net-(J3-Pad1)")
  (net 35 OTDIG)
  (net 36 /D-)
  (net 37 /D+)
  (net 38 /BCM_21)
  (net 39 /BCM_20)
  (net 40 /BCM_26)
  (net 41 /BCM_16)
  (net 42 /BCM_19)
  (net 43 /BCM_13)
  (net 44 /BCM_12)
  (net 45 /BCM_6)
  (net 46 /BCM_5)
  (net 47 /BCM_1)
  (net 48 /BCM_0)
  (net 49 /BCM_7)
  (net 50 /BCM_8)
  (net 51 /BCM_11)
  (net 52 /BCM_25)
  (net 53 /BCM_9)
  (net 54 /BCM_10)
  (net 55 /BCM_24)
  (net 56 /BCM_23)
  (net 57 /BCM_22)
  (net 58 /BCM_27)
  (net 59 /BCM_18)
  (net 60 /BCM_17)
  (net 61 /BCM_15)
  (net 62 /BCM_14)
  (net 63 /BCM_4)
  (net 64 /BCM_3)
  (net 65 /BCM_2)
  (net 66 /BCM_45)
  (net 67 /BCM_44)
  (net 68 /BCM_43)
  (net 69 /BCM_42)
  (net 70 /BCM_41)
  (net 71 /BCM_40)
  (net 72 /BCM_39)
  (net 73 /BCM_38)
  (net 74 /BCM_37)
  (net 75 /BCM_36)
  (net 76 /BCM_35)
  (net 77 /BCM_34)
  (net 78 /BCM_33)
  (net 79 /BCM_32)
  (net 80 /BCM_31)
  (net 81 /BCM_30)
  (net 82 /BCM_29)
  (net 83 /BCM_28)
  (net 84 "Net-(J5-Pad2)")
  (net 85 "Net-(J5-Pad177)")

  (net_class Default "This is the default net class."
    (clearance 0.16)
    (trace_width 0.16)
    (via_dia 0.6)
    (via_drill 0.4)
    (uvia_dia 0.3)
    (uvia_drill 0.1)
    (add_net /BCM_0)
    (add_net /BCM_1)
    (add_net /BCM_10)
    (add_net /BCM_11)
    (add_net /BCM_12)
    (add_net /BCM_13)
    (add_net /BCM_14)
    (add_net /BCM_15)
    (add_net /BCM_16)
    (add_net /BCM_17)
    (add_net /BCM_18)
    (add_net /BCM_19)
    (add_net /BCM_2)
    (add_net /BCM_20)
    (add_net /BCM_21)
    (add_net /BCM_22)
    (add_net /BCM_23)
    (add_net /BCM_24)
    (add_net /BCM_25)
    (add_net /BCM_26)
    (add_net /BCM_27)
    (add_net /BCM_28)
    (add_net /BCM_29)
    (add_net /BCM_3)
    (add_net /BCM_30)
    (add_net /BCM_31)
    (add_net /BCM_32)
    (add_net /BCM_33)
    (add_net /BCM_34)
    (add_net /BCM_35)
    (add_net /BCM_36)
    (add_net /BCM_37)
    (add_net /BCM_38)
    (add_net /BCM_39)
    (add_net /BCM_4)
    (add_net /BCM_40)
    (add_net /BCM_41)
    (add_net /BCM_42)
    (add_net /BCM_43)
    (add_net /BCM_44)
    (add_net /BCM_45)
    (add_net /BCM_5)
    (add_net /BCM_6)
    (add_net /BCM_7)
    (add_net /BCM_8)
    (add_net /BCM_9)
    (add_net /DSI0_0)
    (add_net /DSI0_1)
    (add_net /DSI0_2)
    (add_net /DSI0_3)
    (add_net /DSI0_4)
    (add_net /DSI0_5)
    (add_net /DSI1_0)
    (add_net /DSI1_1)
    (add_net /DSI1_2)
    (add_net /DSI1_3)
    (add_net /DSI1_4)
    (add_net /DSI1_5)
    (add_net /DSI1_6)
    (add_net /DSI1_7)
    (add_net /DSI1_8)
    (add_net /DSI1_9)
    (add_net CLK)
    (add_net CMD)
    (add_net DAT0)
    (add_net DAT1)
    (add_net DAT2)
    (add_net DAT3)
    (add_net "Net-(C4-Pad1)")
    (add_net "Net-(C5-Pad1)")
    (add_net "Net-(C6-Pad2)")
    (add_net "Net-(J3-Pad1)")
    (add_net "Net-(J5-Pad177)")
    (add_net "Net-(J5-Pad2)")
    (add_net "Net-(L1-Pad1)")
    (add_net "Net-(L1-Pad2)")
    (add_net OTDIG)
  )

  (net_class PWR ""
    (clearance 0.2)
    (trace_width 0.25)
    (via_dia 0.6)
    (via_drill 0.4)
    (uvia_dia 0.3)
    (uvia_drill 0.1)
    (diff_pair_gap 0.25)
    (diff_pair_width 0.25)
    (add_net +1V8)
    (add_net +2V8)
    (add_net +3V3)
    (add_net +5V)
    (add_net /D+)
    (add_net /D-)
    (add_net GND)
    (add_net TVDAC)
  )

  (module foot:20_TQFP (layer F.Cu) (tedit 59485ED3) (tstamp 5948E73B)
    (at 109.09 62.065 180)
    (path /59278F0D)
    (fp_text reference U1 (at 2.41 -2.705 180) (layer F.SilkS)
      (effects (font (size 1 1) (thickness 0.15)))
    )
    (fp_text value ISL91107IR (at 0 -3.81 180) (layer F.Fab)
      (effects (font (size 1 1) (thickness 0.15)))
    )
    (fp_line (start -1 -1.9) (end -1.4 -1.9) (layer F.SilkS) (width 0.15))
    (fp_line (start -1.4 -1.9) (end -1.4 -1.9) (layer F.SilkS) (width 0.15))
    (fp_line (start 1 -1.9) (end 1.4 -1.9) (layer F.SilkS) (width 0.15))
    (fp_line (start 1.4 -1.9) (end 1.4 -1.5) (layer F.SilkS) (width 0.15))
    (fp_line (start 1.4 -1.5) (end 1.4 -1.5) (layer F.SilkS) (width 0.15))
    (fp_line (start 1 1.9) (end 1.4 1.9) (layer F.SilkS) (width 0.15))
    (fp_line (start 1.4 1.9) (end 1.4 1.5) (layer F.SilkS) (width 0.15))
    (fp_line (start 1.4 1.5) (end 1.4 1.5) (layer F.SilkS) (width 0.15))
    (fp_line (start -1 1.9) (end -1.4 1.9) (layer F.SilkS) (width 0.15))
    (fp_line (start -1.4 1.9) (end -1.4 1.5) (layer F.SilkS) (width 0.15))
    (fp_line (start -1.4 1.5) (end -1.4 1.5) (layer F.SilkS) (width 0.15))
    (pad 16 smd rect (at 1.4 -1.25) (size 0.6 0.25) (layers F.Cu F.Paste F.Mask)
      (net 25 "Net-(C6-Pad2)"))
    (pad 15 smd rect (at 1.4 -0.75) (size 0.6 0.25) (layers F.Cu F.Paste F.Mask)
      (net 3 GND))
    (pad 13 smd rect (at 1.4 0.25) (size 0.6 0.25) (layers F.Cu F.Paste F.Mask)
      (net 2 +5V))
    (pad 14 smd rect (at 1.4 -0.25) (size 0.6 0.25) (layers F.Cu F.Paste F.Mask)
      (net 2 +5V))
    (pad 12 smd rect (at 1.4 0.75) (size 0.6 0.25) (layers F.Cu F.Paste F.Mask)
      (net 2 +5V))
    (pad 11 smd rect (at 1.4 1.25) (size 0.6 0.25) (layers F.Cu F.Paste F.Mask))
    (pad 18 smd rect (at 0.25 -1.9 90) (size 0.6 0.25) (layers F.Cu F.Paste F.Mask)
      (net 25 "Net-(C6-Pad2)"))
    (pad 20 smd rect (at -0.75 -1.902581 90) (size 0.6 0.25) (layers F.Cu F.Paste F.Mask)
      (net 25 "Net-(C6-Pad2)"))
    (pad 19 smd rect (at -0.25 -1.902581 90) (size 0.6 0.25) (layers F.Cu F.Paste F.Mask)
      (net 25 "Net-(C6-Pad2)"))
    (pad 17 smd rect (at 0.75 -1.902581 90) (size 0.6 0.25) (layers F.Cu F.Paste F.Mask)
      (net 25 "Net-(C6-Pad2)"))
    (pad 3 smd rect (at 0 0) (size 1.65 2.65) (layers F.Cu F.Paste F.Mask)
      (net 3 GND))
    (pad 9 smd rect (at 0.25 1.9 90) (size 0.6 0.25) (layers F.Cu F.Paste F.Mask)
      (net 2 +5V))
    (pad 7 smd rect (at -0.75 1.897419 90) (size 0.6 0.25) (layers F.Cu F.Paste F.Mask)
      (net 2 +5V))
    (pad 8 smd rect (at -0.25 1.897419 90) (size 0.6 0.25) (layers F.Cu F.Paste F.Mask)
      (net 2 +5V))
    (pad 10 smd rect (at 0.75 1.897419 90) (size 0.6 0.25) (layers F.Cu F.Paste F.Mask)
      (net 2 +5V))
    (pad 1 smd rect (at -1.4 -1.25) (size 0.6 0.25) (layers F.Cu F.Paste F.Mask)
      (net 32 "Net-(L1-Pad1)"))
    (pad 4 smd rect (at -1.4 0.25) (size 0.6 0.25) (layers F.Cu F.Paste F.Mask)
      (net 3 GND))
    (pad 3 smd rect (at -1.4 -0.25) (size 0.6 0.25) (layers F.Cu F.Paste F.Mask)
      (net 3 GND))
    (pad 2 smd rect (at -1.4 -0.75) (size 0.6 0.25) (layers F.Cu F.Paste F.Mask)
      (net 32 "Net-(L1-Pad1)"))
    (pad 5 smd rect (at -1.4 0.75) (size 0.6 0.25) (layers F.Cu F.Paste F.Mask)
      (net 33 "Net-(L1-Pad2)"))
    (pad 6 smd rect (at -1.4 1.25) (size 0.6 0.25) (layers F.Cu F.Paste F.Mask)
      (net 33 "Net-(L1-Pad2)"))
    (pad 3 thru_hole circle (at 0 0 180) (size 0.6 0.6) (drill 0.5) (layers *.Cu *.Mask)
      (net 3 GND) (zone_connect 2))
  )

  (module foot:Micro_USB_B_10104110 (layer F.Cu) (tedit 59484E99) (tstamp 5948E3E4)
    (at 79.756 66.675 270)
    (path /592AB138)
    (fp_text reference J3 (at 0 -2 270) (layer F.SilkS)
      (effects (font (size 1 1) (thickness 0.15)))
    )
    (fp_text value USB_OTG (at 0.5 -2 270) (layer F.Fab)
      (effects (font (size 1 1) (thickness 0.15)))
    )
    (fp_line (start 4 5.5) (end 4 5) (layer F.Fab) (width 0.15))
    (fp_line (start -4 5.5) (end 4 5.5) (layer F.Fab) (width 0.15))
    (fp_line (start -4 5) (end -4 5.5) (layer F.Fab) (width 0.15))
    (fp_line (start 4 0) (end 4 2) (layer F.SilkS) (width 0.15))
    (fp_line (start 2 0) (end 4 0) (layer F.SilkS) (width 0.15))
    (fp_line (start -4 0) (end -4 2) (layer F.SilkS) (width 0.15))
    (fp_line (start -2 0) (end -4 0) (layer F.SilkS) (width 0.15))
    (pad "" np_thru_hole circle (at -1.95 0.675 270) (size 0.5 0.5) (drill 0.5) (layers *.Cu *.Mask))
    (pad 5 smd rect (at 1.3 0 90) (size 0.4 1.4) (layers F.Cu F.Paste F.Mask)
      (net 3 GND))
    (pad 4 smd rect (at 0.65 0 90) (size 0.4 1.4) (layers F.Cu F.Paste F.Mask)
      (net 35 OTDIG))
    (pad 3 smd rect (at 0 0 90) (size 0.4 1.4) (layers F.Cu F.Paste F.Mask)
      (net 37 /D+))
    (pad 2 smd rect (at -0.65 0 90) (size 0.4 1.4) (layers F.Cu F.Paste F.Mask)
      (net 36 /D-))
    (pad 1 smd rect (at -1.3 0 90) (size 0.4 1.4) (layers F.Cu F.Paste F.Mask)
      (net 34 "Net-(J3-Pad1)"))
    (pad 6 smd rect (at 3.75 3.55 90) (size 2.3 1.9) (layers F.Cu F.Paste F.Mask)
      (net 3 GND))
    (pad 6 smd rect (at 1.4 3.55 90) (size 1.8 1.9) (layers F.Cu F.Paste F.Mask)
      (net 3 GND))
    (pad 6 smd rect (at -3.75 3.55 90) (size 2.3 1.9) (layers F.Cu F.Paste F.Mask)
      (net 3 GND))
    (pad 6 smd rect (at -1.4 3.55 90) (size 1.8 1.9) (layers F.Cu F.Paste F.Mask)
      (net 3 GND))
    (pad "" np_thru_hole circle (at 1.95 0.675 270) (size 0.5 0.5) (drill 0.5) (layers *.Cu *.Mask))
  )

  (module foot:Micro_USB_B_10104110 (layer F.Cu) (tedit 59484E99) (tstamp 5948E2F4)
    (at 111.255 54.35 180)
    (path /5925E07F)
    (fp_text reference J1 (at -5.585 0.375 180) (layer F.SilkS)
      (effects (font (size 1 1) (thickness 0.15)))
    )
    (fp_text value USB_POWER (at 0.5 -2 180) (layer F.Fab)
      (effects (font (size 1 1) (thickness 0.15)))
    )
    (fp_line (start -2 0) (end -4 0) (layer F.SilkS) (width 0.15))
    (fp_line (start -4 0) (end -4 2) (layer F.SilkS) (width 0.15))
    (fp_line (start 2 0) (end 4 0) (layer F.SilkS) (width 0.15))
    (fp_line (start 4 0) (end 4 2) (layer F.SilkS) (width 0.15))
    (fp_line (start -4 5) (end -4 5.5) (layer F.Fab) (width 0.15))
    (fp_line (start -4 5.5) (end 4 5.5) (layer F.Fab) (width 0.15))
    (fp_line (start 4 5.5) (end 4 5) (layer F.Fab) (width 0.15))
    (pad "" np_thru_hole circle (at 1.95 0.675 180) (size 0.5 0.5) (drill 0.5) (layers *.Cu *.Mask))
    (pad 6 smd rect (at -1.4 3.55) (size 1.8 1.9) (layers F.Cu F.Paste F.Mask)
      (net 3 GND))
    (pad 6 smd rect (at -3.75 3.55) (size 2.3 1.9) (layers F.Cu F.Paste F.Mask)
      (net 3 GND))
    (pad 6 smd rect (at 1.4 3.55) (size 1.8 1.9) (layers F.Cu F.Paste F.Mask)
      (net 3 GND))
    (pad 6 smd rect (at 3.75 3.55) (size 2.3 1.9) (layers F.Cu F.Paste F.Mask)
      (net 3 GND))
    (pad 1 smd rect (at -1.3 0) (size 0.4 1.4) (layers F.Cu F.Paste F.Mask)
      (net 2 +5V))
    (pad 2 smd rect (at -0.65 0) (size 0.4 1.4) (layers F.Cu F.Paste F.Mask))
    (pad 3 smd rect (at 0 0) (size 0.4 1.4) (layers F.Cu F.Paste F.Mask))
    (pad 4 smd rect (at 0.65 0) (size 0.4 1.4) (layers F.Cu F.Paste F.Mask))
    (pad 5 smd rect (at 1.3 0) (size 0.4 1.4) (layers F.Cu F.Paste F.Mask)
      (net 3 GND))
    (pad "" np_thru_hole circle (at -1.95 0.675 180) (size 0.5 0.5) (drill 0.5) (layers *.Cu *.Mask))
  )

  (module Capacitors_SMD:C_1206_HandSoldering (layer F.Cu) (tedit 58AA84D1) (tstamp 5948E247)
    (at 98.425 71.755 270)
    (descr "Capacitor SMD 1206, hand soldering")
    (tags "capacitor 1206")
    (path /59275879)
    (attr smd)
    (fp_text reference C1 (at -4.445 0.635) (layer F.SilkS)
      (effects (font (size 1 1) (thickness 0.15)))
    )
    (fp_text value 1uF (at 0 2 270) (layer F.Fab)
      (effects (font (size 1 1) (thickness 0.15)))
    )
    (fp_text user %R (at 0 -1.75 270) (layer F.Fab)
      (effects (font (size 1 1) (thickness 0.15)))
    )
    (fp_line (start -1.6 0.8) (end -1.6 -0.8) (layer F.Fab) (width 0.1))
    (fp_line (start 1.6 0.8) (end -1.6 0.8) (layer F.Fab) (width 0.1))
    (fp_line (start 1.6 -0.8) (end 1.6 0.8) (layer F.Fab) (width 0.1))
    (fp_line (start -1.6 -0.8) (end 1.6 -0.8) (layer F.Fab) (width 0.1))
    (fp_line (start 1 -1.02) (end -1 -1.02) (layer F.SilkS) (width 0.12))
    (fp_line (start -1 1.02) (end 1 1.02) (layer F.SilkS) (width 0.12))
    (fp_line (start -3.25 -1.05) (end 3.25 -1.05) (layer F.CrtYd) (width 0.05))
    (fp_line (start -3.25 -1.05) (end -3.25 1.05) (layer F.CrtYd) (width 0.05))
    (fp_line (start 3.25 1.05) (end 3.25 -1.05) (layer F.CrtYd) (width 0.05))
    (fp_line (start 3.25 1.05) (end -3.25 1.05) (layer F.CrtYd) (width 0.05))
    (pad 1 smd rect (at -2 0 270) (size 2 1.6) (layers F.Cu F.Paste F.Mask)
      (net 2 +5V))
    (pad 2 smd rect (at 2 0 270) (size 2 1.6) (layers F.Cu F.Paste F.Mask)
      (net 3 GND))
    (model Capacitors_SMD.3dshapes/C_1206.wrl
      (at (xyz 0 0 0))
      (scale (xyz 1 1 1))
      (rotate (xyz 0 0 0))
    )
  )

  (module Capacitors_SMD:C_1206_HandSoldering (layer F.Cu) (tedit 58AA84D1) (tstamp 5948E258)
    (at 91.44 60.325 90)
    (descr "Capacitor SMD 1206, hand soldering")
    (tags "capacitor 1206")
    (path /59277303)
    (attr smd)
    (fp_text reference C2 (at 0 -1.75 90) (layer F.SilkS)
      (effects (font (size 1 1) (thickness 0.15)))
    )
    (fp_text value 1uF (at 0 2 90) (layer F.Fab)
      (effects (font (size 1 1) (thickness 0.15)))
    )
    (fp_line (start 3.25 1.05) (end -3.25 1.05) (layer F.CrtYd) (width 0.05))
    (fp_line (start 3.25 1.05) (end 3.25 -1.05) (layer F.CrtYd) (width 0.05))
    (fp_line (start -3.25 -1.05) (end -3.25 1.05) (layer F.CrtYd) (width 0.05))
    (fp_line (start -3.25 -1.05) (end 3.25 -1.05) (layer F.CrtYd) (width 0.05))
    (fp_line (start -1 1.02) (end 1 1.02) (layer F.SilkS) (width 0.12))
    (fp_line (start 1 -1.02) (end -1 -1.02) (layer F.SilkS) (width 0.12))
    (fp_line (start -1.6 -0.8) (end 1.6 -0.8) (layer F.Fab) (width 0.1))
    (fp_line (start 1.6 -0.8) (end 1.6 0.8) (layer F.Fab) (width 0.1))
    (fp_line (start 1.6 0.8) (end -1.6 0.8) (layer F.Fab) (width 0.1))
    (fp_line (start -1.6 0.8) (end -1.6 -0.8) (layer F.Fab) (width 0.1))
    (fp_text user %R (at 0 -1.75 90) (layer F.Fab)
      (effects (font (size 1 1) (thickness 0.15)))
    )
    (pad 2 smd rect (at 2 0 90) (size 2 1.6) (layers F.Cu F.Paste F.Mask)
      (net 3 GND))
    (pad 1 smd rect (at -2 0 90) (size 2 1.6) (layers F.Cu F.Paste F.Mask)
      (net 2 +5V))
    (model Capacitors_SMD.3dshapes/C_1206.wrl
      (at (xyz 0 0 0))
      (scale (xyz 1 1 1))
      (rotate (xyz 0 0 0))
    )
  )

  (module Capacitors_SMD:C_1206_HandSoldering (layer F.Cu) (tedit 58AA84D1) (tstamp 5948E269)
    (at 109.22 57.785 180)
    (descr "Capacitor SMD 1206, hand soldering")
    (tags "capacitor 1206")
    (path /5927939E)
    (attr smd)
    (fp_text reference C3 (at 1.905 1.905 180) (layer F.SilkS)
      (effects (font (size 1 1) (thickness 0.15)))
    )
    (fp_text value 22uF (at 0 2 180) (layer F.Fab)
      (effects (font (size 1 1) (thickness 0.15)))
    )
    (fp_line (start 3.25 1.05) (end -3.25 1.05) (layer F.CrtYd) (width 0.05))
    (fp_line (start 3.25 1.05) (end 3.25 -1.05) (layer F.CrtYd) (width 0.05))
    (fp_line (start -3.25 -1.05) (end -3.25 1.05) (layer F.CrtYd) (width 0.05))
    (fp_line (start -3.25 -1.05) (end 3.25 -1.05) (layer F.CrtYd) (width 0.05))
    (fp_line (start -1 1.02) (end 1 1.02) (layer F.SilkS) (width 0.12))
    (fp_line (start 1 -1.02) (end -1 -1.02) (layer F.SilkS) (width 0.12))
    (fp_line (start -1.6 -0.8) (end 1.6 -0.8) (layer F.Fab) (width 0.1))
    (fp_line (start 1.6 -0.8) (end 1.6 0.8) (layer F.Fab) (width 0.1))
    (fp_line (start 1.6 0.8) (end -1.6 0.8) (layer F.Fab) (width 0.1))
    (fp_line (start -1.6 0.8) (end -1.6 -0.8) (layer F.Fab) (width 0.1))
    (fp_text user %R (at 0 -1.75 180) (layer F.Fab)
      (effects (font (size 1 1) (thickness 0.15)))
    )
    (pad 2 smd rect (at 2 0 180) (size 2 1.6) (layers F.Cu F.Paste F.Mask)
      (net 3 GND))
    (pad 1 smd rect (at -2 0 180) (size 2 1.6) (layers F.Cu F.Paste F.Mask)
      (net 2 +5V))
    (model Capacitors_SMD.3dshapes/C_1206.wrl
      (at (xyz 0 0 0))
      (scale (xyz 1 1 1))
      (rotate (xyz 0 0 0))
    )
  )

  (module Capacitors_SMD:C_1206_HandSoldering (layer F.Cu) (tedit 58AA84D1) (tstamp 5948E27A)
    (at 93.98 66.04 90)
    (descr "Capacitor SMD 1206, hand soldering")
    (tags "capacitor 1206")
    (path /59275AF0)
    (attr smd)
    (fp_text reference C4 (at 0 -1.75 90) (layer F.SilkS)
      (effects (font (size 1 1) (thickness 0.15)))
    )
    (fp_text value 10nF (at 0 2 90) (layer F.Fab)
      (effects (font (size 1 1) (thickness 0.15)))
    )
    (fp_line (start 3.25 1.05) (end -3.25 1.05) (layer F.CrtYd) (width 0.05))
    (fp_line (start 3.25 1.05) (end 3.25 -1.05) (layer F.CrtYd) (width 0.05))
    (fp_line (start -3.25 -1.05) (end -3.25 1.05) (layer F.CrtYd) (width 0.05))
    (fp_line (start -3.25 -1.05) (end 3.25 -1.05) (layer F.CrtYd) (width 0.05))
    (fp_line (start -1 1.02) (end 1 1.02) (layer F.SilkS) (width 0.12))
    (fp_line (start 1 -1.02) (end -1 -1.02) (layer F.SilkS) (width 0.12))
    (fp_line (start -1.6 -0.8) (end 1.6 -0.8) (layer F.Fab) (width 0.1))
    (fp_line (start 1.6 -0.8) (end 1.6 0.8) (layer F.Fab) (width 0.1))
    (fp_line (start 1.6 0.8) (end -1.6 0.8) (layer F.Fab) (width 0.1))
    (fp_line (start -1.6 0.8) (end -1.6 -0.8) (layer F.Fab) (width 0.1))
    (fp_text user %R (at 0 -1.75 90) (layer F.Fab)
      (effects (font (size 1 1) (thickness 0.15)))
    )
    (pad 2 smd rect (at 2 0 90) (size 2 1.6) (layers F.Cu F.Paste F.Mask)
      (net 3 GND))
    (pad 1 smd rect (at -2 0 90) (size 2 1.6) (layers F.Cu F.Paste F.Mask)
      (net 23 "Net-(C4-Pad1)"))
    (model Capacitors_SMD.3dshapes/C_1206.wrl
      (at (xyz 0 0 0))
      (scale (xyz 1 1 1))
      (rotate (xyz 0 0 0))
    )
  )

  (module Capacitors_SMD:C_1206_HandSoldering (layer F.Cu) (tedit 58AA84D1) (tstamp 5948E28B)
    (at 87.63 60.325 90)
    (descr "Capacitor SMD 1206, hand soldering")
    (tags "capacitor 1206")
    (path /5927730C)
    (attr smd)
    (fp_text reference C5 (at 0 -1.75 90) (layer F.SilkS)
      (effects (font (size 1 1) (thickness 0.15)))
    )
    (fp_text value 10nF (at 0 2 90) (layer F.Fab)
      (effects (font (size 1 1) (thickness 0.15)))
    )
    (fp_line (start 3.25 1.05) (end -3.25 1.05) (layer F.CrtYd) (width 0.05))
    (fp_line (start 3.25 1.05) (end 3.25 -1.05) (layer F.CrtYd) (width 0.05))
    (fp_line (start -3.25 -1.05) (end -3.25 1.05) (layer F.CrtYd) (width 0.05))
    (fp_line (start -3.25 -1.05) (end 3.25 -1.05) (layer F.CrtYd) (width 0.05))
    (fp_line (start -1 1.02) (end 1 1.02) (layer F.SilkS) (width 0.12))
    (fp_line (start 1 -1.02) (end -1 -1.02) (layer F.SilkS) (width 0.12))
    (fp_line (start -1.6 -0.8) (end 1.6 -0.8) (layer F.Fab) (width 0.1))
    (fp_line (start 1.6 -0.8) (end 1.6 0.8) (layer F.Fab) (width 0.1))
    (fp_line (start 1.6 0.8) (end -1.6 0.8) (layer F.Fab) (width 0.1))
    (fp_line (start -1.6 0.8) (end -1.6 -0.8) (layer F.Fab) (width 0.1))
    (fp_text user %R (at 0 -1.75 90) (layer F.Fab)
      (effects (font (size 1 1) (thickness 0.15)))
    )
    (pad 2 smd rect (at 2 0 90) (size 2 1.6) (layers F.Cu F.Paste F.Mask)
      (net 3 GND))
    (pad 1 smd rect (at -2 0 90) (size 2 1.6) (layers F.Cu F.Paste F.Mask)
      (net 24 "Net-(C5-Pad1)"))
    (model Capacitors_SMD.3dshapes/C_1206.wrl
      (at (xyz 0 0 0))
      (scale (xyz 1 1 1))
      (rotate (xyz 0 0 0))
    )
  )

  (module Capacitors_SMD:C_1206_HandSoldering (layer F.Cu) (tedit 58AA84D1) (tstamp 5948E29C)
    (at 101.6 60.96 90)
    (descr "Capacitor SMD 1206, hand soldering")
    (tags "capacitor 1206")
    (path /5927CF4B)
    (attr smd)
    (fp_text reference C6 (at 4.445 0 180) (layer F.SilkS)
      (effects (font (size 1 1) (thickness 0.15)))
    )
    (fp_text value 22uF (at 0 2 90) (layer F.Fab)
      (effects (font (size 1 1) (thickness 0.15)))
    )
    (fp_line (start 3.25 1.05) (end -3.25 1.05) (layer F.CrtYd) (width 0.05))
    (fp_line (start 3.25 1.05) (end 3.25 -1.05) (layer F.CrtYd) (width 0.05))
    (fp_line (start -3.25 -1.05) (end -3.25 1.05) (layer F.CrtYd) (width 0.05))
    (fp_line (start -3.25 -1.05) (end 3.25 -1.05) (layer F.CrtYd) (width 0.05))
    (fp_line (start -1 1.02) (end 1 1.02) (layer F.SilkS) (width 0.12))
    (fp_line (start 1 -1.02) (end -1 -1.02) (layer F.SilkS) (width 0.12))
    (fp_line (start -1.6 -0.8) (end 1.6 -0.8) (layer F.Fab) (width 0.1))
    (fp_line (start 1.6 -0.8) (end 1.6 0.8) (layer F.Fab) (width 0.1))
    (fp_line (start 1.6 0.8) (end -1.6 0.8) (layer F.Fab) (width 0.1))
    (fp_line (start -1.6 0.8) (end -1.6 -0.8) (layer F.Fab) (width 0.1))
    (fp_text user %R (at 0 -1.75 90) (layer F.Fab)
      (effects (font (size 1 1) (thickness 0.15)))
    )
    (pad 2 smd rect (at 2 0 90) (size 2 1.6) (layers F.Cu F.Paste F.Mask)
      (net 25 "Net-(C6-Pad2)"))
    (pad 1 smd rect (at -2 0 90) (size 2 1.6) (layers F.Cu F.Paste F.Mask)
      (net 3 GND))
    (model Capacitors_SMD.3dshapes/C_1206.wrl
      (at (xyz 0 0 0))
      (scale (xyz 1 1 1))
      (rotate (xyz 0 0 0))
    )
  )

  (module Capacitors_SMD:C_1206_HandSoldering (layer F.Cu) (tedit 58AA84D1) (tstamp 5948E2AD)
    (at 92.075 74.93 180)
    (descr "Capacitor SMD 1206, hand soldering")
    (tags "capacitor 1206")
    (path /59275B68)
    (attr smd)
    (fp_text reference C7 (at 0 -1.75 180) (layer F.SilkS)
      (effects (font (size 1 1) (thickness 0.15)))
    )
    (fp_text value 1uF (at 0 2 180) (layer F.Fab)
      (effects (font (size 1 1) (thickness 0.15)))
    )
    (fp_text user %R (at 0 -1.75 180) (layer F.Fab)
      (effects (font (size 1 1) (thickness 0.15)))
    )
    (fp_line (start -1.6 0.8) (end -1.6 -0.8) (layer F.Fab) (width 0.1))
    (fp_line (start 1.6 0.8) (end -1.6 0.8) (layer F.Fab) (width 0.1))
    (fp_line (start 1.6 -0.8) (end 1.6 0.8) (layer F.Fab) (width 0.1))
    (fp_line (start -1.6 -0.8) (end 1.6 -0.8) (layer F.Fab) (width 0.1))
    (fp_line (start 1 -1.02) (end -1 -1.02) (layer F.SilkS) (width 0.12))
    (fp_line (start -1 1.02) (end 1 1.02) (layer F.SilkS) (width 0.12))
    (fp_line (start -3.25 -1.05) (end 3.25 -1.05) (layer F.CrtYd) (width 0.05))
    (fp_line (start -3.25 -1.05) (end -3.25 1.05) (layer F.CrtYd) (width 0.05))
    (fp_line (start 3.25 1.05) (end 3.25 -1.05) (layer F.CrtYd) (width 0.05))
    (fp_line (start 3.25 1.05) (end -3.25 1.05) (layer F.CrtYd) (width 0.05))
    (pad 1 smd rect (at -2 0 180) (size 2 1.6) (layers F.Cu F.Paste F.Mask)
      (net 10 +1V8))
    (pad 2 smd rect (at 2 0 180) (size 2 1.6) (layers F.Cu F.Paste F.Mask)
      (net 3 GND))
    (model Capacitors_SMD.3dshapes/C_1206.wrl
      (at (xyz 0 0 0))
      (scale (xyz 1 1 1))
      (rotate (xyz 0 0 0))
    )
  )

  (module Capacitors_SMD:C_1206_HandSoldering (layer F.Cu) (tedit 58AA84D1) (tstamp 5948E2BE)
    (at 85.09 68.58 270)
    (descr "Capacitor SMD 1206, hand soldering")
    (tags "capacitor 1206")
    (path /59277312)
    (attr smd)
    (fp_text reference C8 (at 0 -1.75 270) (layer F.SilkS)
      (effects (font (size 1 1) (thickness 0.15)))
    )
    (fp_text value 1uF (at 0 2 270) (layer F.Fab)
      (effects (font (size 1 1) (thickness 0.15)))
    )
    (fp_text user %R (at 0 -1.75 270) (layer F.Fab)
      (effects (font (size 1 1) (thickness 0.15)))
    )
    (fp_line (start -1.6 0.8) (end -1.6 -0.8) (layer F.Fab) (width 0.1))
    (fp_line (start 1.6 0.8) (end -1.6 0.8) (layer F.Fab) (width 0.1))
    (fp_line (start 1.6 -0.8) (end 1.6 0.8) (layer F.Fab) (width 0.1))
    (fp_line (start -1.6 -0.8) (end 1.6 -0.8) (layer F.Fab) (width 0.1))
    (fp_line (start 1 -1.02) (end -1 -1.02) (layer F.SilkS) (width 0.12))
    (fp_line (start -1 1.02) (end 1 1.02) (layer F.SilkS) (width 0.12))
    (fp_line (start -3.25 -1.05) (end 3.25 -1.05) (layer F.CrtYd) (width 0.05))
    (fp_line (start -3.25 -1.05) (end -3.25 1.05) (layer F.CrtYd) (width 0.05))
    (fp_line (start 3.25 1.05) (end 3.25 -1.05) (layer F.CrtYd) (width 0.05))
    (fp_line (start 3.25 1.05) (end -3.25 1.05) (layer F.CrtYd) (width 0.05))
    (pad 1 smd rect (at -2 0 270) (size 2 1.6) (layers F.Cu F.Paste F.Mask)
      (net 11 +2V8))
    (pad 2 smd rect (at 2 0 270) (size 2 1.6) (layers F.Cu F.Paste F.Mask)
      (net 3 GND))
    (model Capacitors_SMD.3dshapes/C_1206.wrl
      (at (xyz 0 0 0))
      (scale (xyz 1 1 1))
      (rotate (xyz 0 0 0))
    )
  )

  (module Capacitors_SMD:C_1206_HandSoldering (layer F.Cu) (tedit 58AA84D1) (tstamp 5948E2CF)
    (at 104.14 60.96 90)
    (descr "Capacitor SMD 1206, hand soldering")
    (tags "capacitor 1206")
    (path /5927CE46)
    (attr smd)
    (fp_text reference C9 (at 4.445 0 180) (layer F.SilkS)
      (effects (font (size 1 1) (thickness 0.15)))
    )
    (fp_text value 22uF (at 0 2 90) (layer F.Fab)
      (effects (font (size 1 1) (thickness 0.15)))
    )
    (fp_text user %R (at 0 -1.75 90) (layer F.Fab)
      (effects (font (size 1 1) (thickness 0.15)))
    )
    (fp_line (start -1.6 0.8) (end -1.6 -0.8) (layer F.Fab) (width 0.1))
    (fp_line (start 1.6 0.8) (end -1.6 0.8) (layer F.Fab) (width 0.1))
    (fp_line (start 1.6 -0.8) (end 1.6 0.8) (layer F.Fab) (width 0.1))
    (fp_line (start -1.6 -0.8) (end 1.6 -0.8) (layer F.Fab) (width 0.1))
    (fp_line (start 1 -1.02) (end -1 -1.02) (layer F.SilkS) (width 0.12))
    (fp_line (start -1 1.02) (end 1 1.02) (layer F.SilkS) (width 0.12))
    (fp_line (start -3.25 -1.05) (end 3.25 -1.05) (layer F.CrtYd) (width 0.05))
    (fp_line (start -3.25 -1.05) (end -3.25 1.05) (layer F.CrtYd) (width 0.05))
    (fp_line (start 3.25 1.05) (end 3.25 -1.05) (layer F.CrtYd) (width 0.05))
    (fp_line (start 3.25 1.05) (end -3.25 1.05) (layer F.CrtYd) (width 0.05))
    (pad 1 smd rect (at -2 0 90) (size 2 1.6) (layers F.Cu F.Paste F.Mask)
      (net 3 GND))
    (pad 2 smd rect (at 2 0 90) (size 2 1.6) (layers F.Cu F.Paste F.Mask)
      (net 25 "Net-(C6-Pad2)"))
    (model Capacitors_SMD.3dshapes/C_1206.wrl
      (at (xyz 0 0 0))
      (scale (xyz 1 1 1))
      (rotate (xyz 0 0 0))
    )
  )

  (module Capacitors_SMD:C_1206_HandSoldering (layer B.Cu) (tedit 58AA84D1) (tstamp 5948E2E0)
    (at 129.54 64.77)
    (descr "Capacitor SMD 1206, hand soldering")
    (tags "capacitor 1206")
    (path /5934B0D3)
    (attr smd)
    (fp_text reference C10 (at 0 1.75) (layer B.SilkS)
      (effects (font (size 1 1) (thickness 0.15)) (justify mirror))
    )
    (fp_text value 4.7uF (at 0 -2) (layer B.Fab)
      (effects (font (size 1 1) (thickness 0.15)) (justify mirror))
    )
    (fp_text user %R (at 0 1.75) (layer B.Fab)
      (effects (font (size 1 1) (thickness 0.15)) (justify mirror))
    )
    (fp_line (start -1.6 -0.8) (end -1.6 0.8) (layer B.Fab) (width 0.1))
    (fp_line (start 1.6 -0.8) (end -1.6 -0.8) (layer B.Fab) (width 0.1))
    (fp_line (start 1.6 0.8) (end 1.6 -0.8) (layer B.Fab) (width 0.1))
    (fp_line (start -1.6 0.8) (end 1.6 0.8) (layer B.Fab) (width 0.1))
    (fp_line (start 1 1.02) (end -1 1.02) (layer B.SilkS) (width 0.12))
    (fp_line (start -1 -1.02) (end 1 -1.02) (layer B.SilkS) (width 0.12))
    (fp_line (start -3.25 1.05) (end 3.25 1.05) (layer B.CrtYd) (width 0.05))
    (fp_line (start -3.25 1.05) (end -3.25 -1.05) (layer B.CrtYd) (width 0.05))
    (fp_line (start 3.25 -1.05) (end 3.25 1.05) (layer B.CrtYd) (width 0.05))
    (fp_line (start 3.25 -1.05) (end -3.25 -1.05) (layer B.CrtYd) (width 0.05))
    (pad 1 smd rect (at -2 0) (size 2 1.6) (layers B.Cu B.Paste B.Mask)
      (net 1 +3V3))
    (pad 2 smd rect (at 2 0) (size 2 1.6) (layers B.Cu B.Paste B.Mask)
      (net 3 GND))
    (model Capacitors_SMD.3dshapes/C_1206.wrl
      (at (xyz 0 0 0))
      (scale (xyz 1 1 1))
      (rotate (xyz 0 0 0))
    )
  )

  (module Pin_Headers:Pin_Header_Straight_2x20_Pitch2.54mm_SMD (layer F.Cu) (tedit 58CD4EC6) (tstamp 5948E3D0)
    (at 121.285 81.05 90)
    (descr "surface-mounted straight pin header, 2x20, 2.54mm pitch, double rows")
    (tags "Surface mounted pin header SMD 2x20 2.54mm double row")
    (path /5933FF5D)
    (attr smd)
    (fp_text reference J2 (at 0 -26.46 90) (layer F.SilkS)
      (effects (font (size 1 1) (thickness 0.15)))
    )
    (fp_text value BANK0 (at 0 26.46 90) (layer F.Fab)
      (effects (font (size 1 1) (thickness 0.15)))
    )
    (fp_text user %R (at 0 -26.46 90) (layer F.Fab)
      (effects (font (size 1 1) (thickness 0.15)))
    )
    (fp_line (start 4.8 -25.9) (end -4.8 -25.9) (layer F.CrtYd) (width 0.05))
    (fp_line (start 4.8 25.9) (end 4.8 -25.9) (layer F.CrtYd) (width 0.05))
    (fp_line (start -4.8 25.9) (end 4.8 25.9) (layer F.CrtYd) (width 0.05))
    (fp_line (start -4.8 -25.9) (end -4.8 25.9) (layer F.CrtYd) (width 0.05))
    (fp_line (start -4.27 -24.93) (end -2.6 -24.93) (layer F.SilkS) (width 0.12))
    (fp_line (start 2.6 25.46) (end 2.6 24.93) (layer F.SilkS) (width 0.12))
    (fp_line (start -2.6 25.46) (end 2.6 25.46) (layer F.SilkS) (width 0.12))
    (fp_line (start -2.6 24.93) (end -2.6 25.46) (layer F.SilkS) (width 0.12))
    (fp_line (start 2.6 -25.46) (end 2.6 -24.93) (layer F.SilkS) (width 0.12))
    (fp_line (start -2.6 -25.46) (end 2.6 -25.46) (layer F.SilkS) (width 0.12))
    (fp_line (start -2.6 -24.93) (end -2.6 -25.46) (layer F.SilkS) (width 0.12))
    (fp_line (start 3.92 23.81) (end 2.54 23.81) (layer F.Fab) (width 0.1))
    (fp_line (start 3.92 24.45) (end 3.92 23.81) (layer F.Fab) (width 0.1))
    (fp_line (start 2.54 24.45) (end 3.92 24.45) (layer F.Fab) (width 0.1))
    (fp_line (start 2.54 23.81) (end 2.54 24.45) (layer F.Fab) (width 0.1))
    (fp_line (start -3.92 23.81) (end -2.54 23.81) (layer F.Fab) (width 0.1))
    (fp_line (start -3.92 24.45) (end -3.92 23.81) (layer F.Fab) (width 0.1))
    (fp_line (start -2.54 24.45) (end -3.92 24.45) (layer F.Fab) (width 0.1))
    (fp_line (start -2.54 23.81) (end -2.54 24.45) (layer F.Fab) (width 0.1))
    (fp_line (start 3.92 21.27) (end 2.54 21.27) (layer F.Fab) (width 0.1))
    (fp_line (start 3.92 21.91) (end 3.92 21.27) (layer F.Fab) (width 0.1))
    (fp_line (start 2.54 21.91) (end 3.92 21.91) (layer F.Fab) (width 0.1))
    (fp_line (start 2.54 21.27) (end 2.54 21.91) (layer F.Fab) (width 0.1))
    (fp_line (start -3.92 21.27) (end -2.54 21.27) (layer F.Fab) (width 0.1))
    (fp_line (start -3.92 21.91) (end -3.92 21.27) (layer F.Fab) (width 0.1))
    (fp_line (start -2.54 21.91) (end -3.92 21.91) (layer F.Fab) (width 0.1))
    (fp_line (start -2.54 21.27) (end -2.54 21.91) (layer F.Fab) (width 0.1))
    (fp_line (start 3.92 18.73) (end 2.54 18.73) (layer F.Fab) (width 0.1))
    (fp_line (start 3.92 19.37) (end 3.92 18.73) (layer F.Fab) (width 0.1))
    (fp_line (start 2.54 19.37) (end 3.92 19.37) (layer F.Fab) (width 0.1))
    (fp_line (start 2.54 18.73) (end 2.54 19.37) (layer F.Fab) (width 0.1))
    (fp_line (start -3.92 18.73) (end -2.54 18.73) (layer F.Fab) (width 0.1))
    (fp_line (start -3.92 19.37) (end -3.92 18.73) (layer F.Fab) (width 0.1))
    (fp_line (start -2.54 19.37) (end -3.92 19.37) (layer F.Fab) (width 0.1))
    (fp_line (start -2.54 18.73) (end -2.54 19.37) (layer F.Fab) (width 0.1))
    (fp_line (start 3.92 16.19) (end 2.54 16.19) (layer F.Fab) (width 0.1))
    (fp_line (start 3.92 16.83) (end 3.92 16.19) (layer F.Fab) (width 0.1))
    (fp_line (start 2.54 16.83) (end 3.92 16.83) (layer F.Fab) (width 0.1))
    (fp_line (start 2.54 16.19) (end 2.54 16.83) (layer F.Fab) (width 0.1))
    (fp_line (start -3.92 16.19) (end -2.54 16.19) (layer F.Fab) (width 0.1))
    (fp_line (start -3.92 16.83) (end -3.92 16.19) (layer F.Fab) (width 0.1))
    (fp_line (start -2.54 16.83) (end -3.92 16.83) (layer F.Fab) (width 0.1))
    (fp_line (start -2.54 16.19) (end -2.54 16.83) (layer F.Fab) (width 0.1))
    (fp_line (start 3.92 13.65) (end 2.54 13.65) (layer F.Fab) (width 0.1))
    (fp_line (start 3.92 14.29) (end 3.92 13.65) (layer F.Fab) (width 0.1))
    (fp_line (start 2.54 14.29) (end 3.92 14.29) (layer F.Fab) (width 0.1))
    (fp_line (start 2.54 13.65) (end 2.54 14.29) (layer F.Fab) (width 0.1))
    (fp_line (start -3.92 13.65) (end -2.54 13.65) (layer F.Fab) (width 0.1))
    (fp_line (start -3.92 14.29) (end -3.92 13.65) (layer F.Fab) (width 0.1))
    (fp_line (start -2.54 14.29) (end -3.92 14.29) (layer F.Fab) (width 0.1))
    (fp_line (start -2.54 13.65) (end -2.54 14.29) (layer F.Fab) (width 0.1))
    (fp_line (start 3.92 11.11) (end 2.54 11.11) (layer F.Fab) (width 0.1))
    (fp_line (start 3.92 11.75) (end 3.92 11.11) (layer F.Fab) (width 0.1))
    (fp_line (start 2.54 11.75) (end 3.92 11.75) (layer F.Fab) (width 0.1))
    (fp_line (start 2.54 11.11) (end 2.54 11.75) (layer F.Fab) (width 0.1))
    (fp_line (start -3.92 11.11) (end -2.54 11.11) (layer F.Fab) (width 0.1))
    (fp_line (start -3.92 11.75) (end -3.92 11.11) (layer F.Fab) (width 0.1))
    (fp_line (start -2.54 11.75) (end -3.92 11.75) (layer F.Fab) (width 0.1))
    (fp_line (start -2.54 11.11) (end -2.54 11.75) (layer F.Fab) (width 0.1))
    (fp_line (start 3.92 8.57) (end 2.54 8.57) (layer F.Fab) (width 0.1))
    (fp_line (start 3.92 9.21) (end 3.92 8.57) (layer F.Fab) (width 0.1))
    (fp_line (start 2.54 9.21) (end 3.92 9.21) (layer F.Fab) (width 0.1))
    (fp_line (start 2.54 8.57) (end 2.54 9.21) (layer F.Fab) (width 0.1))
    (fp_line (start -3.92 8.57) (end -2.54 8.57) (layer F.Fab) (width 0.1))
    (fp_line (start -3.92 9.21) (end -3.92 8.57) (layer F.Fab) (width 0.1))
    (fp_line (start -2.54 9.21) (end -3.92 9.21) (layer F.Fab) (width 0.1))
    (fp_line (start -2.54 8.57) (end -2.54 9.21) (layer F.Fab) (width 0.1))
    (fp_line (start 3.92 6.03) (end 2.54 6.03) (layer F.Fab) (width 0.1))
    (fp_line (start 3.92 6.67) (end 3.92 6.03) (layer F.Fab) (width 0.1))
    (fp_line (start 2.54 6.67) (end 3.92 6.67) (layer F.Fab) (width 0.1))
    (fp_line (start 2.54 6.03) (end 2.54 6.67) (layer F.Fab) (width 0.1))
    (fp_line (start -3.92 6.03) (end -2.54 6.03) (layer F.Fab) (width 0.1))
    (fp_line (start -3.92 6.67) (end -3.92 6.03) (layer F.Fab) (width 0.1))
    (fp_line (start -2.54 6.67) (end -3.92 6.67) (layer F.Fab) (width 0.1))
    (fp_line (start -2.54 6.03) (end -2.54 6.67) (layer F.Fab) (width 0.1))
    (fp_line (start 3.92 3.49) (end 2.54 3.49) (layer F.Fab) (width 0.1))
    (fp_line (start 3.92 4.13) (end 3.92 3.49) (layer F.Fab) (width 0.1))
    (fp_line (start 2.54 4.13) (end 3.92 4.13) (layer F.Fab) (width 0.1))
    (fp_line (start 2.54 3.49) (end 2.54 4.13) (layer F.Fab) (width 0.1))
    (fp_line (start -3.92 3.49) (end -2.54 3.49) (layer F.Fab) (width 0.1))
    (fp_line (start -3.92 4.13) (end -3.92 3.49) (layer F.Fab) (width 0.1))
    (fp_line (start -2.54 4.13) (end -3.92 4.13) (layer F.Fab) (width 0.1))
    (fp_line (start -2.54 3.49) (end -2.54 4.13) (layer F.Fab) (width 0.1))
    (fp_line (start 3.92 0.95) (end 2.54 0.95) (layer F.Fab) (width 0.1))
    (fp_line (start 3.92 1.59) (end 3.92 0.95) (layer F.Fab) (width 0.1))
    (fp_line (start 2.54 1.59) (end 3.92 1.59) (layer F.Fab) (width 0.1))
    (fp_line (start 2.54 0.95) (end 2.54 1.59) (layer F.Fab) (width 0.1))
    (fp_line (start -3.92 0.95) (end -2.54 0.95) (layer F.Fab) (width 0.1))
    (fp_line (start -3.92 1.59) (end -3.92 0.95) (layer F.Fab) (width 0.1))
    (fp_line (start -2.54 1.59) (end -3.92 1.59) (layer F.Fab) (width 0.1))
    (fp_line (start -2.54 0.95) (end -2.54 1.59) (layer F.Fab) (width 0.1))
    (fp_line (start 3.92 -1.59) (end 2.54 -1.59) (layer F.Fab) (width 0.1))
    (fp_line (start 3.92 -0.95) (end 3.92 -1.59) (layer F.Fab) (width 0.1))
    (fp_line (start 2.54 -0.95) (end 3.92 -0.95) (layer F.Fab) (width 0.1))
    (fp_line (start 2.54 -1.59) (end 2.54 -0.95) (layer F.Fab) (width 0.1))
    (fp_line (start -3.92 -1.59) (end -2.54 -1.59) (layer F.Fab) (width 0.1))
    (fp_line (start -3.92 -0.95) (end -3.92 -1.59) (layer F.Fab) (width 0.1))
    (fp_line (start -2.54 -0.95) (end -3.92 -0.95) (layer F.Fab) (width 0.1))
    (fp_line (start -2.54 -1.59) (end -2.54 -0.95) (layer F.Fab) (width 0.1))
    (fp_line (start 3.92 -4.13) (end 2.54 -4.13) (layer F.Fab) (width 0.1))
    (fp_line (start 3.92 -3.49) (end 3.92 -4.13) (layer F.Fab) (width 0.1))
    (fp_line (start 2.54 -3.49) (end 3.92 -3.49) (layer F.Fab) (width 0.1))
    (fp_line (start 2.54 -4.13) (end 2.54 -3.49) (layer F.Fab) (width 0.1))
    (fp_line (start -3.92 -4.13) (end -2.54 -4.13) (layer F.Fab) (width 0.1))
    (fp_line (start -3.92 -3.49) (end -3.92 -4.13) (layer F.Fab) (width 0.1))
    (fp_line (start -2.54 -3.49) (end -3.92 -3.49) (layer F.Fab) (width 0.1))
    (fp_line (start -2.54 -4.13) (end -2.54 -3.49) (layer F.Fab) (width 0.1))
    (fp_line (start 3.92 -6.67) (end 2.54 -6.67) (layer F.Fab) (width 0.1))
    (fp_line (start 3.92 -6.03) (end 3.92 -6.67) (layer F.Fab) (width 0.1))
    (fp_line (start 2.54 -6.03) (end 3.92 -6.03) (layer F.Fab) (width 0.1))
    (fp_line (start 2.54 -6.67) (end 2.54 -6.03) (layer F.Fab) (width 0.1))
    (fp_line (start -3.92 -6.67) (end -2.54 -6.67) (layer F.Fab) (width 0.1))
    (fp_line (start -3.92 -6.03) (end -3.92 -6.67) (layer F.Fab) (width 0.1))
    (fp_line (start -2.54 -6.03) (end -3.92 -6.03) (layer F.Fab) (width 0.1))
    (fp_line (start -2.54 -6.67) (end -2.54 -6.03) (layer F.Fab) (width 0.1))
    (fp_line (start 3.92 -9.21) (end 2.54 -9.21) (layer F.Fab) (width 0.1))
    (fp_line (start 3.92 -8.57) (end 3.92 -9.21) (layer F.Fab) (width 0.1))
    (fp_line (start 2.54 -8.57) (end 3.92 -8.57) (layer F.Fab) (width 0.1))
    (fp_line (start 2.54 -9.21) (end 2.54 -8.57) (layer F.Fab) (width 0.1))
    (fp_line (start -3.92 -9.21) (end -2.54 -9.21) (layer F.Fab) (width 0.1))
    (fp_line (start -3.92 -8.57) (end -3.92 -9.21) (layer F.Fab) (width 0.1))
    (fp_line (start -2.54 -8.57) (end -3.92 -8.57) (layer F.Fab) (width 0.1))
    (fp_line (start -2.54 -9.21) (end -2.54 -8.57) (layer F.Fab) (width 0.1))
